path,filename,modified,size,sha256,root
.,config.xml,2010-10-08 03:27:12,0.85KB,ae439f788fa6fb8732596541a910005bb44a03ad17f1b14b361e8cce753c221d,0113963
.,index.html,2010-10-08 03:27:12,0.27KB,7e86f69b2a474f0ed126f6a2c7eb1e38152ed7746734170d2d28057e732e50e7,0113963
libraries\activityStreamParser\icons,activity_photo.png,2010-10-08 03:27:12,0.56KB,4ad12111a6889e1b76f9db9b50b011f9091157e3add677213f07f818f09e37d4,0113963
libraries\dateLibrary,dateLibrary.js,2010-10-08 03:27:12,12.1KB,15865e7a96b8595e18d97ba9bf163fbb02a647c3eaeebe1d009cfda7d1f43faa,0113963
libraries\dateLibrary,setup.xml,2010-10-08 03:27:12,0.07KB,9fbce54a1c8ef8b0433dcfd46e9d12b6d729903d12331764b2edc7c8d1eebbaa,0113963
libraries\gettext,setup.xml,2010-10-08 03:27:12,0.06KB,b5c803bf34ed55a5557061c0ac1b396fe920a702b5cad37ee56267593642ab1e,0113963
libraries\gettext\GCT,Gettext.js,2010-10-08 03:27:12,43.32KB,975fe5535c4c7f9324a7acbaa54a57012017c244320d4bf7127bcea5bd0e7ac8,0113963
libraries\json,json2_minified.js,2010-10-08 03:27:12,3.27KB,ca4c9be522cdfc01a52e3bced6959784bc675888af7410e7a8a948f582ff54e3,0113963
libraries\json,setup.xml,2010-10-08 03:27:12,0.06KB,12522e8b35c461ed4fc7887f5dbdb5a6ba15a3a0d4983fa8b931148396a7d9e9,0113963
libraries\libraryLoader,librariesLoader.js,2010-10-08 03:27:12,11.29KB,19057f641f2ccc33b556712ec0cf2fe23f2d2023401b7953f43fc5b3d6e14f09,0113963
libraries\markuper,setup.xml,2010-10-08 03:27:12,0.06KB,9971fe52e9030299ab6177bded2da0d85a122f9368ac90fd194956f06a7e58b6,0113963
libraries\markuper\WIS,template.js,2010-10-08 03:27:12,81.01KB,3c06569552244adc661d79128bc7a1ec6f4713cdbde4f807b00f525359a1f622,0113963
libraries\pso,pso.js,2010-10-08 03:27:12,3.15KB,a19e3be2e1dfa1605206db938395cc8ced2a297717189fe48798fb6da46afea4,0113963
libraries\pso,setup.xml,2010-10-08 03:27:12,0.05KB,7a4790e0a484486226417c2fee32261c05620f4a0486c1644fef37d523124c26,0113963
libraries\resourcefetcher,resourcefetcher.js,2010-10-08 03:27:12,13.41KB,03b607e631313b390bc2af443c201c1fb7674801f8cdd3ba249e20a544583c93,0113963
libraries\resourcefetcher,setup.xml,2010-10-08 03:27:12,0.08KB,c7de73eda1cac70464a58c6ebbcb077492f8786979c6e9c03a0fe326c93cf096,0113963
