path,filename,modified,size,sha256,root
.,0435601.c,2020-08-08 15:59:08.137012,25.45KB,a8ae32ce49a095b2278266e38be2464b2352507b4ec7f44ee154ae9d111c923f,mgl-
.,0435602.c,2020-08-08 15:59:08.144012,2.57KB,04d41a204225160e4ca840ec0e29b634ebd08637db189f74f66755cd248c515e,mgl-
.,0435603.c,2020-08-08 15:59:08.152012,12.02KB,1b6b878001a89f90a996748f4d745f26167a39b63795798cecb4dbb69236ccb6,mgl-
.,0435605.c,2020-08-08 15:59:08.166013,4.4KB,57ab242536b17459fa6c8c30bc607b3152764a60a4dfd986d71019e280bee581,mgl-
.,0435606.c,2020-08-08 15:59:08.173012,7.98KB,56d6f51183c02c713e9fe4bb7a06461d27063eaa773379de3f8969e516ab6cf6,mgl-
.,0435607.c,2020-08-08 15:59:08.180012,6.24KB,8be82df56833ca09f89e79bfe4dee0878d4bcc5247699eaaa255444bb2be8164,mgl-
.,0435608.c,2020-08-08 15:59:08.187012,3.35KB,aa4f00e23549886f428fbc1611e88e04157591c4e17816a6ebe16b1849e6d0bb,mgl-
.,0435609.c,2020-08-08 15:59:08.194012,19.33KB,e33b769d6d9ba1c7a82e97f7a62c9f28cb406a02b799b92b6ca578142cbce0c4,mgl-
.,0435681.c,2020-08-08 15:59:08.703189,12.46KB,145feab1bed50550f6e62ebf8df1539a51bf3fedc2254476959436c842e57391,mgl-
.,0435693.c,2020-08-08 15:59:08.788190,15.0KB,da5f1be321d5310545004c9c50b5eac5390125541aeb479c84cf2d8c593511b6,mgl-
.,0435694.c,2020-08-08 15:59:08.795189,20.04KB,858183ea2dc6d06d261c7c95014572a0bd32ea064ddfd18a26e8260f5b5fb16a,mgl-
.,0435695.c,2020-08-08 15:59:08.803191,17.82KB,62597f19d4507d6f4aeca33fc631b1b5724a586c9b1c7a1d8c0576ed835f528b,mgl-
.,0435696.c,2020-08-08 15:59:08.810189,40.38KB,5c2740acbd8df92a88a30425d0f4e7f2304018dd6362d77a577677e03a456f82,mgl-
.,0435701.c,2020-08-08 15:59:08.845189,2.92KB,5c1bf84288dfbb866bf161b07a0f4ddc173c4df3c3bb4350ce14e55913dcad90,mgl-
.,0435702.c,2020-08-08 15:59:08.852190,7.75KB,0785ade2e855d2e7fc13cbaa10eca55f697652f94f5c9659be28b17d07839e65,mgl-
.,0435703.c,2020-08-08 15:59:08.860190,1.25KB,a3a76b0ac225d32934a6f9eb085ba7917a167734d6fde3fd6979991a1ed8a8d6,mgl-
.,0435704.c,2020-08-08 15:59:08.867177,16.73KB,f7c2cbbb6df8d02c6d347e07b618e8473765043f91479f4bff02036e51df5fc2,mgl-
.,0435705.c,2020-08-08 15:59:08.874189,1.45KB,2f9fb307c95ad41b7d2f922d4f807a5354686535573e0c0e5166a8fdc28ddce8,mgl-
.,0435706.c,2020-08-08 15:59:08.881190,4.18KB,a4b33dfafe429ddeaae8dd0caad26e82edc25fe0583671a4143b3d9d72ef2692,mgl-
.,0435707.c,2020-08-08 15:59:08.888188,6.67KB,43810cf0da204c911df6638bc5a797704a6d13d8828354e96022557bcdfc8653,mgl-
.,0435709.c,2020-08-08 15:59:08.908188,13.05KB,d314bd377315e2a62aa2b29f2493fc08fa8c2d9758ce693f8d863842cfc6d92a,mgl-
.,0435710.c,2020-08-08 15:59:08.915189,6.49KB,2d2685dedbacb3a86c93f837ab06507bbb0785261bac28758e47762330b60f08,mgl-
.,0435711.c,2020-08-08 15:59:08.923191,25.46KB,90bd56203ffa1f297a09d2cdfa8f90c5ee609a6387fc8add826ff9810640cded,mgl-
.,0435712.c,2020-08-08 15:59:08.930190,24.08KB,93fc0ecde3d686735c473fbf742f803a65cef64b19472e6acbde7299f6250047,mgl-
.,0435713.c,2020-08-08 15:59:08.937189,8.67KB,1f95bf5cabaf367e9bed910d187a0d4709f5947a08e55a0898afdfa4acff8e91,mgl-
.,0435714.c,2020-08-08 15:59:08.944191,11.67KB,a25e6442ebf8bfc1fbe29430dbe5f40b9db524684b366728c52bf94c4e77449a,mgl-
.,0435721.c,2020-08-08 15:59:08.995189,13.15KB,45f2a4d60c4268539617e5640fed2352ca6d8154319f4a800bec2db20f0a7ea1,mgl-
.,0435722.c,2020-08-08 15:59:09.002189,21.61KB,89e367195550f77160258d7cc7f4f86e7fa4644da5babe34cd277d7c9ae8b5b1,mgl-
.,0435723.c,2020-08-08 15:59:09.009190,3.16KB,b65dc75f903f39ea68b0f05b795fc839d37717cf2a63fa3d62ac65754a424745,mgl-
.,0435724.c,2020-08-08 15:59:09.016190,2.62KB,014c4e6a5a5d9c0d493d0034b5d8c0b715e640a159dd59e7b4ef36579c0a2fd0,mgl-
.,0435725.c,2020-08-08 15:59:09.024176,16.14KB,48a83f0f0d74c5c1a9c6c2590fd4c7c659439bfd208dc0894acf3af93b3b0376,mgl-
.,0435726.c,2020-08-08 15:59:09.031190,1.17KB,81ba8266aa3e6598531b19fd0533cb7584e9a2c34d08fe08842a720f6e83bcf4,mgl-
.,0435727.c,2020-08-08 15:59:09.038174,59.88KB,e00a0ca3066625b4e5ee531a5f89145d6081cb790fbb6340c40f3f6d1f2897cf,mgl-
.,0435728.c,2020-08-08 15:59:09.045175,44.74KB,9951024728d0db15f86903490480e95151aa349cd4ab936c5ad4b0ab8e69fecf,mgl-
.,0435729.c,2020-08-08 15:59:09.053188,8.02KB,e4ff82ea47a4cc0c78687d6b06fbcd63c7621970169bd5e0a92fdfde41ef6761,mgl-
.,0435730.c,2020-08-08 15:59:09.060190,4.26KB,d3f07397a0dbd90d5ebdee0aa694f936ac6c627adc16761639921e8b11ac9a48,mgl-
.,0435736.c,2020-08-08 15:59:09.104188,35.31KB,6328d7294f812f6bd1eda1a2f11346dbbb005dad589a147ead91749ec41a5b4a,mgl-
.,0435737.c,2020-08-08 15:59:09.112174,2.55KB,45438ebb3bd5522ccb646745cb68ec19e709b09e841213a7ec544319955a06e5,mgl-
.,0435738.c,2020-08-08 15:59:09.119190,40.44KB,8bf77c431a124596bc59f5b212b9f12d4463604cd33dc752bbd927f30db54889,mgl-
.,0435739.c,2020-08-08 15:59:09.126189,34.08KB,56e17fb27c27c1c5ed3605fe40cb710e1142e7c1a33b16d78a0ac7a4acfdf590,mgl-
.,0435740.c,2020-08-08 15:59:09.134176,1.76KB,506f3ff7f38a5fa1f384f686e2655a3baba0f6713e0ea39cebcda6951b18952b,mgl-
.,0435743.c,2020-08-08 15:59:09.155175,3.77KB,5298c67188c6c9c72c261f2254d06d442ba6d606e05d1e84f87924c9433c0b52,mgl-
.,0435745.c,2020-08-08 15:59:09.170174,2.54KB,87e2ea3a5b36760fc4d4816d348c13cfe8d499568119ce531c07c8f320da5869,mgl-
.,0435746.c,2020-08-08 15:59:09.177191,7.22KB,c4666a2f5b51bd1c4a8ef5da2775698537842ae02434d56fe26d5b09e8ffdc81,mgl-
.,0435747.c,2020-08-08 15:59:09.185190,4.15KB,3f2c8391a86876c92c944a4d0baec0ba3c14ceeff9c0731d7a77823faf261581,mgl-
.,0435748.c,2020-08-08 15:59:09.192174,15.9KB,2de43abf179fc550bda2b9dadd728bc010a9c6462d1bda28f86919f2343474f5,mgl-
.,0435749.c,2020-08-08 15:59:09.199190,1.67KB,e4835d13c9c5007a1342ed7f7ab7dd84b52b14577d973b9141f6e6573a37aef7,mgl-
.,0435750.c,2020-08-08 15:59:09.206174,28.67KB,873423789641ba661f33edfc46446fd5c6c9dd800dd8c4bf1afb50ebfd034d5c,mgl-
.,0435751.c,2020-08-08 15:59:09.214189,10.14KB,204c724b283b5ad96824f841a3fc7ff754c91d141ca44e433b56e24c3d7765c2,mgl-
.,0435752.c,2020-08-08 15:59:09.221174,4.31KB,e615b673d4d7eeaddf5e72d239aae8414bb973bbfc4edb8598b7b729f5a9a700,mgl-
.,0435753.c,2020-08-08 15:59:09.228175,1.35KB,a8706cc6d4f7360ba92175f9080c0264afc610677bed01313b20677a1f44867f,mgl-
.,0435754.c,2020-08-08 15:59:09.236189,4.51KB,95efa1289d90335af30fad20bb07438a8c3a7f0290534df756763330a400e5ca,mgl-
.,0435757.c,2020-08-08 15:59:09.258173,2.7KB,1c28812794aa43d04139706f4566b3fff1c76cb375c58201daed27a75b55d7d4,mgl-
.,0435758.c,2020-08-08 15:59:09.265175,18.86KB,48bf6b401ed6cb93a974665b9a545b07c4a06acfb05b82a0ba3807974669a421,mgl-
.,0435759.c,2020-08-08 15:59:09.272191,6.72KB,c59159c11ebe3abfb06e460c0a9bf60333e8e79d842b3c1dcf6da440c5101f4f,mgl-
.,0435760.c,2020-08-08 15:59:09.279173,1.38KB,d9803a886c97b459750d12db5ef104a8858bc641d64b5d77580355dd03537b59,mgl-
.,0435763.c,2020-08-08 15:59:09.301189,4.13KB,5cd9450a7a93d63b27379d92dbe55fe45d9a475df0eea82391eff736960dd383,mgl-
.,0435765.c,2020-08-08 15:59:09.316172,6.26KB,71ccace3999d89fadb9ce005cabe4291416303df3dba120cf47a836befb51f0e,mgl-
.,0435766.c,2020-08-08 15:59:09.323188,1.27KB,d02a02a6fd616b8c5535d60e34f7e556e7b099f89f5e469b260afaa927205da4,mgl-
.,0435767.c,2020-08-08 15:59:09.330173,2.07KB,948a389eeb8d8a7125c375c70031881d391b7cbd7a5f4203402262a4ec9e1b88,mgl-
.,0435768.c,2020-08-08 15:59:09.337189,8.33KB,6e84738ebcc5ac149eeb768fe097967ef218757099ae1411b38896f9fc06fd46,mgl-
.,0435769.c,2020-08-08 15:59:09.345190,1.34KB,fa74c48cf8507e6fa550e2fb4924e6cecf09b999fa4ddffa341b0889a050e9b4,mgl-
.,0435778.c,2020-08-08 15:59:09.409385,2.38KB,52ee30d014a5e8e205d14d7f60e3333137668416b94aa74c8732c8bcb7913fc7,mgl-
.,0435779.c,2020-08-08 15:59:09.416385,17.26KB,806a9b57774792c02aec439214e753516eb30c97b350d1c16948fc828496047d,mgl-
.,0435780.c,2020-08-08 15:59:09.424371,5.19KB,64207f867ffd989ca05c128462689a572a812ffedbf3cbea557a4d4d2eb21ae7,mgl-
.,0435781.c,2020-08-08 15:59:09.431370,5.14KB,e5b9511f49d96197714aa58d6f3ea0003da2a1a5fe8fdaf753a4510bad45deab,mgl-
.,0435782.c,2020-08-08 15:59:09.438385,18.98KB,474a6693a7ed1188db5e6f711556c995a4005514e7e9c173fe329eea748b29e4,mgl-
.,0435784.c,2020-08-08 15:59:09.453385,3.73KB,ecc3e1ce830e07bc0e49a5e3b8ec76144adc4f76c2092143fc2935d82ebfb33b,mgl-
.,0435786.c,2020-08-08 15:59:09.467385,3.4KB,2acba8b8ca490e2b76458546af7feb161335c653d851010755876f661ac2f2b7,mgl-
.,0435787.c,2020-08-08 15:59:09.475369,9.16KB,411fffc89ec5a304da82faf7b69349289dd9355436fe2ab931cb0e63252c8c54,mgl-
.,0435788.c,2020-08-08 15:59:09.482386,1.25KB,98bc9ab6850edded0342a50771ca44caf8074a0412e4b19d5dd9c1656f808c4b,mgl-
.,0435789.c,2020-08-08 15:59:09.489385,20.29KB,55c4a4881dd9a36ee76810ba90f9abb3120e7b8d14350c2123896a5f2073bede,mgl-
.,0435790.c,2020-08-08 15:59:09.497371,1.41KB,8cb06e7e3c70ba986c7e95f034ac35de9f404c7feae484efbe258c05d8258354,mgl-
.,0435791.c,2020-08-08 15:59:09.504385,4.68KB,6e30764896c53b4d346cb99d6eac5447ee97abc979ff9b2ed44dfb30a61dc557,mgl-
.,0435792.c,2020-08-08 15:59:09.511371,2.65KB,19760f304fc5f0a48a34229158195ab049392c2c4db451b9ba3e4f8f220cd9f4,mgl-
.,0435793.c,2020-08-08 15:59:09.519371,12.08KB,aab9bba3a766f3a93c0a73ecb0ab7571bb4e67898f0e03d34b140ef37e12607c,mgl-
.,0435794.c,2020-08-08 15:59:09.526385,1.2KB,7efe3acb77465486a8342affadf65628801be4dd6333db9177391b670f468080,mgl-
.,0435795.c,2020-08-08 15:59:09.533385,31.15KB,e357966a87d0e83184e868d4d3a09ce10a886f245129dbef075452297f90c9b9,mgl-
.,0435796.c,2020-08-08 15:59:09.540370,14.53KB,d68cedb8b809fad82bf5cb9def9e090c8b7fcc3b4744d75ee8f1bc6fd9aebccc,mgl-
.,0435798.c,2020-08-08 15:59:09.555385,4.46KB,f6354dd6c27fa3d474278f631784a149b5865c737d731090f8911912adc55eae,mgl-
.,0435804.c,2020-08-08 15:59:09.598385,2.95KB,6e3a88003e75db64ea83428d2c0f281d9f029af48467bf063cd3b77794fb66d4,mgl-
.,0435805.c,2020-08-08 15:59:09.606385,7.79KB,c070b8b2d5831de050c02e619237f9da20e9d19b870c9a2da197f826f963216f,mgl-
.,0435806.c,2020-08-08 15:59:09.613385,1.34KB,bf6423eb504f892e0e83e29f1b684474c332313f7ba0e0949ec2a4f30e8bf627,mgl-
.,0435807.c,2020-08-08 15:59:09.620385,34.89KB,37e8bb49990f126c4d5c97280a9742d25052cb1612c22c43bccdadd3404d5b77,mgl-
.,0435809.c,2020-08-08 15:59:09.634385,4.19KB,8df1bc58b9ea065c89a94fa7df36bc8d9a25c1678d5f6f3133c8aa8a44e88a0b,mgl-
.,0435810.c,2020-08-08 15:59:09.641385,2.47KB,6900f83e8ccb3e95dac0e49f061cb88f20ebca23d19337048a99d464ad313a49,mgl-
.,0435811.c,2020-08-08 15:59:09.648385,2.47KB,787bd0c13342bf304e813fe50465e7de626e7b27835c4be2c35688a87ef56930,mgl-
.,0435812.c,2020-08-08 15:59:09.655385,2.7KB,8cd8fccff977df9662cfc11e440b2adf8a1605acda381b9d24ca970a04128e11,mgl-
.,0435813.c,2020-08-08 15:59:09.662385,2.04KB,df29f50f17b24985d1a0eec28c18c26a5462bbec46e13dc474f3d10e4a9c521a,mgl-
.,0435814.c,2020-08-08 15:59:09.669385,2.26KB,9ca4ab7524f49231121bde836e89dd0425c9085c351e4f7a7aeab69524fb2083,mgl-
.,0435815.c,2020-08-08 15:59:09.676385,3.29KB,a5b9dec801273c43c25e8d9471b30ed4d8e06d97c3632d78a3788190a9ec1230,mgl-
.,0435816.c,2020-08-08 15:59:09.684386,3.01KB,cc9e3c5a29817232a62e4a645c6fc6984eeba28b00e209f66e319f8cdfd192ad,mgl-
.,0435817.c,2020-08-08 15:59:09.691386,1.55KB,a666ef0b1bb6c1bf5bb0ae4ee661f4ca5b9021cbac41b0514c4976550f697e6e,mgl-
.,0435818.c,2020-08-08 15:59:09.698385,2.11KB,2fd03a6b38ec4525af30aca16921bc74324843d16ddbf301b1933974779d4ff5,mgl-
.,0435819.c,2020-08-08 15:59:09.705385,17.3KB,db4001bc69ddd7e3d51086e38be25810a6a3553239391bafd531f6bed124fc85,mgl-
.,0435820.c,2020-08-08 15:59:09.712385,3.63KB,9542a8c03ebc2eff96a665565e097204e3d5554c2c1fa0c2b5272989de0e6648,mgl-
.,0435821.c,2020-08-08 15:59:09.719385,2.87KB,8645f30dc29be2a15d7a229dd543058cc758d2e360d97664988e31f12b3e523c,mgl-
.,0435822.c,2020-08-08 15:59:09.727371,3.11KB,d15509b28973e85d8e62bf99fca73e39a0b70acac6d3ed3c173d7efec5045868,mgl-
.,0435823.c,2020-08-08 15:59:09.734385,3.36KB,c19b18ebea03f2a83fe4fe50976269b8ca51db67d5fb316690baeb57d084b70b,mgl-
.,0435824.c,2020-08-08 15:59:09.775369,3.26KB,b7e97cebf84e63134333f128182bac0f2c5b5ab2c0fb981405dcc5f206e28af7,mgl-
.,0435825.c,2020-08-08 15:59:09.923008,2.41KB,5fb1e37ebabd7939524797d9ea6127a0cd0c5af367bbd3c8959cf04f114ec2af,mgl-
.,0435826.c,2020-08-08 15:59:09.930026,2.89KB,89f7a85396aa994f2eb4c879aef916a6e802898ffb71cba72c29b11e7aa86fa3,mgl-
.,0435827.c,2020-08-08 15:59:09.937026,2.26KB,25278f4e13bb6658131c0cd2924f2aa73f165e0b7414766f26366292852244db,mgl-
.,0435828.c,2020-08-08 15:59:09.945042,7.92KB,12e44e75b6d6607c41e1e91f68da6435791cff0314ac78acef34e68feb8adb2b,mgl-
.,0435829.c,2020-08-08 15:59:09.952026,2.96KB,7dcf1d7e755e57f47dfe371694770cb3096a1728c7d4ef72253e372a2f5472a4,mgl-
.,0435830.c,2020-08-08 15:59:09.960026,2.49KB,fbbd99379d9cc8f0c0e60f6908a1e3bd4fa2ff78ef0b9eff5fb9330f855382cf,mgl-
.,0435831.c,2020-08-08 15:59:09.968026,3.23KB,43512d81e8b4d9998c99b532c0dfff11d4d2ba0b68d1d6af294c40e93823c74b,mgl-
.,0435832.c,2020-08-08 15:59:09.975026,9.46KB,1111aaf9ba2e8d4fb0193b5b9e50316cd701535f83c2fe597c144167decf07d5,mgl-
.,0435833.c,2020-08-08 15:59:09.983026,2.19KB,abae086a03b3e2843f956daa785c6cabd1fdd2723dec84a251c756987ebbe268,mgl-
.,0435834.c,2020-08-08 15:59:09.991026,5.29KB,5a3f714c17dd81b53dea5d73367d10404fc962e068341e871624f288c3f0a7bf,mgl-
.,0435835.c,2020-08-08 15:59:09.999027,2.53KB,7007a66974b8134b1720a25dbc6df0c976d565ab85b06a10a3041a7c7df2ea6e,mgl-
.,0435836.c,2020-08-08 15:59:10.006027,9.69KB,06827b1dc22210ae9921d7f759a5820a379c56d93ac270598f0aff4434ade6bc,mgl-
.,0435837.c,2020-08-08 15:59:10.013026,1.17KB,bf4e6f66fc6323e09a09d49d971e8cc10b9bafffd428f69d20363e6fc6403c83,mgl-
.,0435838.c,2020-08-08 15:59:10.021027,29.76KB,def0d4fe08553715a94f3290dcfe57441be9fc3fc87cf0c71eba514956f6850c,mgl-
.,0435839.c,2020-08-08 15:59:10.028026,1.38KB,e225287bd9c52273418218b5232e852d3b0f053f0a08e1a061a719524ab4afd1,mgl-
.,0435840.c,2020-08-08 15:59:10.035026,4.11KB,b739c16d06565ed2db623cb9996b7964fad6d0cdc004ef602de21978565b87d9,mgl-
.,0435841.c,2020-08-08 15:59:10.043025,2.52KB,038df2e7e9b98e58a6d9a0008d6c5d6a08bb57a3c701fe99e486ab748ed06ee8,mgl-
.,0435842.c,2020-08-08 15:59:10.050026,8.43KB,55214b7bcf2998e739cc8d688b644cc17ee51869fd5357a071b08630ccaa2151,mgl-
.,0435843.c,2020-08-08 15:59:10.057026,1.17KB,5a7c5a40720cd7f1604d3c866552d23dcaae69553d51bfee185601f96fa51077,mgl-
.,0435844.c,2020-08-08 15:59:10.065025,38.16KB,db8e5e261a850d7ef2dbe0082cf66e2dbc57450af7a4bf5bf39ad8d7e5b0689f,mgl-
.,0435846.c,2020-08-08 15:59:10.079026,4.18KB,9bb682a81bce98896d47f5c51a4f117f6ee3cd4f934b97d9109bbc88a0cf5871,mgl-
.,0435848.c,2020-08-08 15:59:10.094025,3.4KB,ed55161ed753423f904dfc2bfb9551a034d77bd171eec31570ce3c8bb2d49417,mgl-
.,0435849.c,2020-08-08 15:59:10.101026,18.54KB,3e706a3ba89fb4dd86375308b305c041688d79484fae43bde6e9b9982c0c70b4,mgl-
.,0435850.c,2020-08-08 15:59:10.108026,15.4KB,95829eccca3ac737e732db759b2f5cc5cbda149c203520158c5d9d851055b81e,mgl-
.,0435852.c,2020-08-08 15:59:10.123026,2.6KB,0066230b6d78d2f6f3ea69a31092c88fadb079a1d409d673817a43a3b19e1d37,mgl-
.,0435853.c,2020-08-08 15:59:10.131025,46.02KB,60605dac25c5abce969f9943ebb8bfa7cfa336b71dabf5dae7b467887d1e00fd,mgl-
.,0435854.c,2020-08-08 15:59:10.138026,1.45KB,dc0ffbd374efbc8431d4630c9cf135e9b5829b28c520de81f4a7dee2bb6fe960,mgl-
.,0435855.c,2020-08-08 15:59:10.145026,4.67KB,d7f2888f09a5e6919a22aa41814d6a02c2a651dd8060459fbf5d0594acf0b604,mgl-
.,0435857.c,2020-08-08 15:59:10.160025,9.4KB,41a1e48b6334c576bd3bdf1cbfabccc5b94bff05177201f56d42d22ad8c7a063,mgl-
.,0435858.c,2020-08-08 15:59:10.167026,1.34KB,54668d2cfbf8f2cad6b0a4de765c2d36af89df77868362c84216a4fe6b70aa50,mgl-
.,0435859.c,2020-08-08 15:59:10.174026,15.41KB,71bbec1dae4553f29dc5f0bb5e78bd0fbd019e023c2dd5e93fa660720063ef9b,mgl-
