path,filename,modified,size,sha256,root
usr\bin\linux,aes_encode,2009-08-22 12:40:36,23.04KB,9cc827a3b464bb2edfb5560d3a2778a4055400cf7d373f793437d408a671be2a,RVL_64
usr\bin\linux,arm-elf-merge,2009-08-22 12:40:38,28.48KB,9060bbff46593eabd296b70fe6c8771ea2de839a77cfa27d6b844a1f4d4bff04,RVL_64
usr\bin\linux,ascii2bin.py,2009-08-22 12:40:36,0.67KB,ee480e318d4d988b7487d355e2ba0cd6a0e0827f02f4d8ae9332e0192c84e842,RVL_64
usr\bin\linux,bin2c.py,2009-08-22 12:40:36,1.68KB,30ecaac82bdace58b23513848659bac19b7cf67307a5780786dd13da3401da8f,RVL_64
usr\bin\linux,bin2flash,2009-08-22 12:40:36,11.38KB,ea033bdff7884a69deac31f95096062ca5215a261888d6e8feaaefed75640204,RVL_64
usr\bin\linux,bin2hex,2009-08-22 12:40:36,15.35KB,551468b47e8ad71b9775a3f90419aa6533822bb6895c29cd7e0a02a43944b5bb,RVL_64
usr\bin\linux,bwf2wad.py,2009-08-22 12:37:32,1.84KB,cd03120f56f54d4a9221f75792eaec5eca36892eeb6bf317dbc4f9c34d25a437,RVL_64
usr\bin\linux,checkflash,2009-08-22 12:40:36,10.71KB,33b0507b924ca0497733c9acc0a21005f379cf65f46e23a99e747e5a050070b2,RVL_64
usr\bin\linux,cleanimg,2009-08-22 12:40:36,0.52KB,83800285604f933f9787e037ee2fbcf831a8f84a06a75fe0420d40740136f825,RVL_64
usr\bin\linux,configHash.py,2009-08-22 12:37:32,2.6KB,b73d35e49598992eb158a1805873ee5432de492d80d458bc385878fbfc04cce2,RVL_64
usr\bin\linux,crackimg,2009-08-22 12:40:36,1.35KB,d89ef6868c51b7b97e1837dc41d04168976aa61e0e0bf753a66c02ee69c96933,RVL_64
usr\bin\linux,crack_flash.py,2009-08-22 12:40:36,3.2KB,3915996c0a278335213869f9a2dc2ad797eb2bce51d6092c18b894a617b23e5b,RVL_64
usr\bin\linux,createIOSFlashImg.sh,2009-08-22 12:40:36,8.33KB,6254bbdcb15af6c6e3c1e1a4042254a28123c72f15ffe8dafdf1d4ac3f518bd5,RVL_64
usr\bin\linux,createOSImage.py,2009-08-22 12:40:36,1.59KB,01361bdf55d024d6c7fabc4e1f60a4a8ae653927f1bf3afe42ee75c7da66de38,RVL_64
usr\bin\linux,dump_heaps,2009-08-22 12:40:36,9.75KB,777dfb23e53a8f8131323bf11dea73c269bf1c507d192022c12bc4697a652b4a,RVL_64
usr\bin\linux,dump_mq,2009-08-22 12:40:36,11.68KB,4fdf179f1109ee6121f5f3308e89591d11cabd1c8c059884770463a54922c679,RVL_64
usr\bin\linux,dump_resources,2009-08-22 12:40:36,11.76KB,71aa5ec701558a751f66d6c4dc9af0a8f7aa335fb1919b29783e6dd8a08f6267,RVL_64
usr\bin\linux,dump_timers,2009-08-22 12:40:36,10.36KB,9944e97b9dd4b6ea8967940fe8588d2502f3e0dfa41aeacb08b823d14d81b09d,RVL_64
usr\bin\linux,elf2hex,2009-08-22 12:40:36,1.62KB,197c80be2e79913b07cd201652453b52615b77df08603d22b5bb9858d9ddfd7c,RVL_64
usr\bin\linux,elftohex,2009-08-22 12:40:34,12.74KB,3d2589d67a677cae3656d37b9114bf34c738780d821d7c99606be6022b7e3cd0,RVL_64
usr\bin\linux,flashify.py,2009-08-22 12:37:26,3.01KB,388f4d46f3066937140106863302deca8e8561e6423871e4feda1cfc51970a42,RVL_64
usr\bin\linux,fromflash,2009-08-22 12:40:36,8.89KB,073cd2ec6002608f410e57ac1fcfc9d78e8dc4a46f9700da91a1de99cbe4e1de,RVL_64
usr\bin\linux,genFlashATI.sh,2009-08-22 12:40:36,2.18KB,0f7f777af116c5f5913e42402761a560252979c32bb640a51a60075d47e975d1,RVL_64
usr\bin\linux,hex2bin,2009-08-22 12:40:36,8.71KB,c156652ed7191edcac53ece530bc1f83e82fdd5d2eae3dbe734380e9fc1dba73,RVL_64
usr\bin\linux,hex2rom4.pl,2009-08-22 12:40:36,2.5KB,efe749723ac9a554609583574149791a09556eb6864be04ada147371268a165e,RVL_64
usr\bin\linux,makebsimg,2009-08-22 12:40:36,4.25KB,9635e87c28457ff2d21cb9cfef9a01e90d466b3a3e5b8eeffc3d0f45466fe564,RVL_64
usr\bin\linux,makehdr,2009-08-22 12:40:36,8.08KB,7a9e0844b2ece7532702c22a8d1c1c9afb9e029fc10f005fb7706d3d221e31a8,RVL_64
usr\bin\linux,makeimg,2009-08-22 12:40:36,3.9KB,92cfe857811d8ac028d72fd754307f5b2d43d585b65c71eb6f4d724091c87da3,RVL_64
usr\bin\linux,makepad,2009-08-22 12:40:36,8.96KB,3dc73b0a834a00bf7f33a217b435c2cd6f04f630dcc8f0604ffe0be1172431c1,RVL_64
usr\bin\linux,make_efuse,2009-08-22 12:40:36,8.81KB,d93fa466086af07ba773723c0930e789c30154352cabb25bafc43736e0de2ead,RVL_64
usr\bin\linux,make_sha,2009-08-22 12:40:34,9.02KB,bb2b4bd34990997e738b078ad4845f8349cb7b497d43b619f66602b199ff2740,RVL_64
usr\bin\linux,merged2flash.sh,2009-08-22 12:40:36,1.21KB,e7c9df6a1c07158478f365d22b6309221f001db0c085c67fa17b0ea00d3dbfa4,RVL_64
usr\bin\linux,padfile.sh,2009-08-22 12:40:36,0.78KB,440276fac4e232026155ca10aa99a9ba5dcff92a61b0232783ce39be993853a8,RVL_64
usr\bin\linux,publish.py,2009-08-22 12:37:32,20.08KB,316f81161053a651bde0881ebd91db7affa83fffb52ad1bec2eb3d677736cbad,RVL_64
usr\bin\linux,publishWad.py,2009-08-22 12:37:32,23.04KB,faa1111ad6aa52086c4311088b5af96f7a36c8e7fe4b1ff29f30ff5416f3cd4c,RVL_64
usr\bin\linux,rmgen,2009-08-22 12:37:30,59.35KB,7b94f6c34f1fda96a12d1662f6fe95990df88da9a22352020146c6766e6d37da,RVL_64
usr\bin\linux,small2big,2009-08-22 12:40:36,9.36KB,46ed4365414d4ae689ca789b415b3437df92bc2184c93fe5523ef3bfa288ec7e,RVL_64
usr\bin\linux,ticket,2009-08-22 12:37:30,77.69KB,d726c54806ed879865e0242296ac20ec35aaaec77abcd5a98d783c870da98744,RVL_64
usr\bin\linux,ticketIRD,2009-08-22 12:37:30,73.06KB,cad97142dd38e25495e2ec1731a1a24310ae04a6ec39381789e910d8b8a49996,RVL_64
usr\bin\linux,tmd,2009-08-22 12:37:30,78.53KB,efe918f66a497fa6890d179fd8e5ae4fa7a68b3f24f36d2a1678c807bedb2fe2,RVL_64
usr\bin\linux,tmdIRD,2009-08-22 12:37:30,74.74KB,99432f955001c71b324c1eff3c026e6c3b1c13205ce771dad3968f03f89524fa,RVL_64
usr\bin\linux,toflash,2009-08-22 12:40:36,11.83KB,da42a7490b11bbcd42c94a3a8c38e57fc2e40f650bc6c612431bb87373b76b85,RVL_64
usr\bin\linux,toflash2,2009-08-22 12:40:36,19.78KB,788506a97c2e79d84ef0ed1b70e4aa9c48942daad03e9ccca96079df4d525144,RVL_64
usr\bin\linux,unpublish,2009-08-22 12:37:30,67.68KB,24a509dc2b9a897f8ee43efdc6afe8cda3057c0f45ff434cd88978e97a2265be,RVL_64
usr\bin\linux,unpublish.py,2009-08-22 12:37:32,0.85KB,8df05f46476afb5f1be190e7a3274921541010acf2551c713d1778dc75046bcb,RVL_64
usr\bin\linux,unpublishWad.py,2009-08-22 12:37:32,0.99KB,0e085892d17a316c1301b3ce99624b7b578defd3ee8adfed6977de9b96efe264,RVL_64
usr\bin\linux,wad2bwf.py,2009-08-22 12:37:32,1.91KB,b92f0256e2c1b11c1df51d0275fac92b63be8d70b0383026a18c74de163f5281,RVL_64
usr\bin\nintendo,16instruction.bin,2009-08-22 12:41:58,0.06KB,d066b9afd77e4d430b1d23e970551930d6c9c391b692cecdaf020d96276b5b78,RVL_64
usr\bin\nintendo,bootinfo.bin,2009-08-22 12:41:58,0.06KB,dfb4e8f017c1b7e3d9da443c46d0561ee848d6d7cdd647338b116f2c83bd9ff0,RVL_64
usr\bin\nintendo,BS1.img,2009-08-22 12:41:58,1.0KB,4e67308504b371c1641891332321a0c726da1a4f2267dc16139a9eb39183ce3a,RVL_64
usr\bin\nintendo,BS2.img,2009-08-22 12:41:58,128.0KB,c91ad00591af36c059c8116dded277351a54fce56f25ad16bb46f4384a3dcc3b,RVL_64
usr\bin\nintendo\compat,16instruction.bin,2009-08-22 12:41:58,0.06KB,d066b9afd77e4d430b1d23e970551930d6c9c391b692cecdaf020d96276b5b78,RVL_64
usr\bin\nintendo\compat,bootinfo.bin,2009-08-22 12:41:58,0.06KB,dfb4e8f017c1b7e3d9da443c46d0561ee848d6d7cdd647338b116f2c83bd9ff0,RVL_64
usr\bin\nintendo\compat,BS1.img,2009-08-22 12:41:58,1.0KB,01587c8ba1bcbc839a8748db08faf07744858d2cb5988f5343f58d3442887467,RVL_64
usr\bin\nintendo\compat,BS2.img,2009-08-22 12:41:58,158.18KB,fcc86a84bb274b1954d0b632014223a1567356750e255b2c2a1230cc81668d55,RVL_64
usr\bin\rvl,bc.bwf,2009-08-22 12:42:24,22.98KB,bd5679906df77c764646d2134951a0c019de47827a1c571cba2d7b019707dfcc,RVL_64
usr\bin\rvl,bc.wad,2009-08-22 12:42:24,23.19KB,25b0f4e3f57ac7a77e426e240d3e4f2cc14771929bce696d6bf950196ee14307,RVL_64
usr\bin\rvl,bc_prod_dev.bwf,2009-08-22 12:42:24,24.92KB,cc6d4c010ed73edd8960348b2fd4c317f08c0a715fdd8af6719a3adcf0885b1f,RVL_64
usr\bin\rvl,boot1.aes,2009-08-22 12:41:46,16.97KB,562949dcc1a0178364c24063dff6e62f5080eccdbfe1fdd576ef7ce7f30bafd9,RVL_64
usr\bin\rvl,boot1.flash,2009-08-22 12:41:46,132.0KB,ec912520bd7882e47df3de6d4e268641730c28f936f1d9faab68fb1cdcc07be2,RVL_64
usr\bin\rvl,boot1_ati.flash,2009-08-22 12:41:50,132.0KB,82676ce22029df0e9aa7beb903eded4adc1935725f3a7f3a2e5c7203d7615bc6,RVL_64
usr\bin\rvl,boot1_compat.elf,2009-08-22 12:42:24,60.15KB,0a948acfb8d500381adef08eb21f89b34f57564d9783ba205994c82e4018bdee,RVL_64
usr\bin\rvl,boot1_compat.img,2009-08-22 12:42:24,18.11KB,91512576dc19292f2fb42b1f49a51e4c720de25dca9c386d48b5f8826c69c2a0,RVL_64
usr\bin\rvl,boot1_compat_prod.elf,2009-08-22 12:42:24,63.42KB,363d6aa68b70be713bafda1e0f8c70b7392395e8e77ff1c38d60a2749c8b3866,RVL_64
usr\bin\rvl,boot1_compat_prod.img,2009-08-22 12:42:24,20.04KB,4ce7fff5063fc6c124feec324314cc2359e6cc58e7c355fe5e6631b02c4f028c,RVL_64
usr\bin\rvl,boot1_dev.aes,2009-08-22 12:41:50,17.0KB,df39e4a0f7149739cac469d45a3d34ed746643dd780fbd35c85b0a30221e7a0f,RVL_64
usr\bin\rvl,boot1_dev.flash,2009-08-22 12:41:50,132.0KB,c5754683ccfa7f42dab7d4b518457f418c35139256db5d233719e1de02b32e3b,RVL_64
usr\bin\rvl,boot1_devel.aes,2009-08-22 12:41:46,16.97KB,562949dcc1a0178364c24063dff6e62f5080eccdbfe1fdd576ef7ce7f30bafd9,RVL_64
usr\bin\rvl,boot1_devel.elf,2009-08-22 12:41:46,60.25KB,accb92836420a0620e0f725ee53381aa4a13e572005ed9a20030ce920903bbee,RVL_64
usr\bin\rvl,boot1_devel.padded,2009-08-22 12:41:46,128.0KB,4329278a4c00eca1e04c089e792af2871b6e035c8ab6c27e639b3c527a865ac7,RVL_64
usr\bin\rvl,boot1_nintendo.flash,2009-08-22 12:41:50,132.0KB,b4e7c0499e59f044e215761dbd5345829b9dda35af72f71b71f90b761fdb2bd5,RVL_64
usr\bin\rvl,boot1_prod.aes,2009-08-22 12:41:46,18.06KB,e3fdb3993c765e21bfbd6903c3be06c583627d72fa865403dde122830d48cf39,RVL_64
usr\bin\rvl,boot1_prod.elf,2009-08-22 12:41:46,61.88KB,5227367e8f355a73ace622b9e673d8e4bf2e270386c6dee43a370951a19d1e7c,RVL_64
usr\bin\rvl,boot1_prod.flash,2009-08-22 12:41:46,132.0KB,9e26275692efab5381583e97a7263b85a456a64437c4ef915cac546b7764c4dd,RVL_64
usr\bin\rvl,boot1_prod.padded,2009-08-22 12:41:46,128.0KB,485af1331b67d10c93b1598735ec75ae61b637cc82c71ab52ad4bef1b5a4c0ec,RVL_64
usr\bin\rvl,boot1_prod.sha,2009-08-22 12:41:46,0.27KB,ac4cf391650ccfc7788302cecc161b0e8127a266c9347f462986884736255659,RVL_64
usr\bin\rvl,boot1_prod_diag.flash,2009-08-22 12:41:50,132.0KB,63e0590f73d61919cbf0ffffb999a3ff971640a9aa3393d0d6807b85ab99a0e5,RVL_64
usr\bin\rvl,boot2.64.wad,2009-08-22 12:42:22,169.75KB,450a14624dafb074c4d1356859d43b57b49d3205aeb28e3b044853be8a54e775,RVL_64
usr\bin\rvl,boot2.bwf,2009-08-22 12:42:22,169.66KB,98b97f1804c3dffe480cd719ad0774a4693b6f1a46cea3a4eb05aaf1e160d4ca,RVL_64
usr\bin\rvl,boot2.img,2009-08-22 12:42:22,164.77KB,062da0c446033a3edf0f5c7f8ca96492c1a3a7186a89bece5df4f0511d8b30b6,RVL_64
usr\bin\rvl,boot2.wad,2009-08-22 12:42:22,169.75KB,450a14624dafb074c4d1356859d43b57b49d3205aeb28e3b044853be8a54e775,RVL_64
usr\bin\rvl,boot2_dev.64.wad,2009-08-22 12:42:22,169.75KB,2e2340241d6a55ffdc7f785c0df891185e934d66b6d911d7db859a611d573b3b,RVL_64
usr\bin\rvl,boot2_dev.img,2009-08-22 12:42:22,164.77KB,062da0c446033a3edf0f5c7f8ca96492c1a3a7186a89bece5df4f0511d8b30b6,RVL_64
usr\bin\rvl,boot2_dev.wad,2009-08-22 12:42:22,169.75KB,2e2340241d6a55ffdc7f785c0df891185e934d66b6d911d7db859a611d573b3b,RVL_64
usr\bin\rvl,boot2_ios.elf,2009-08-22 12:41:00,208.14KB,5d37b054f57e6a292723ed74cea28dc7cecd67def2c3a83cb6426383c82c438f,RVL_64
usr\bin\rvl,boot2_ios_dev.elf,2009-08-22 12:41:00,208.14KB,5d37b054f57e6a292723ed74cea28dc7cecd67def2c3a83cb6426383c82c438f,RVL_64
usr\bin\rvl,boot2_ios_prod.elf,2009-08-22 12:41:00,208.14KB,e40fc39fb4701c4fde321cbb7b04f43733e750cd45b0b949ffb5c42b59805172,RVL_64
usr\bin\rvl,boot2_prod.img,2009-08-22 12:42:22,164.77KB,5c9a3544b633d0d561e63a5c6fbf98313a3dcc521f1a85a0e171c3e99f85a90c,RVL_64
usr\bin\rvl,clk.elf,2009-08-22 12:41:40,46.84KB,e098c16a6083017033d868c60fac3c1763e79a79bc8ad6e1292b6528d93c6334,RVL_64
usr\bin\rvl,dd.elf,2009-08-22 12:41:40,54.77KB,01a950dd0ab819fbc1888a72883497f076c1a4dd4c3c0c0d1d5db4cdd428f070,RVL_64
usr\bin\rvl,delay.elf,2009-08-22 12:41:40,46.93KB,18a40b09d1c61788438f6dafac4e4baa6d6c71e7def7c0a2fdf45425c08b0d41,RVL_64
usr\bin\rvl,di_boot.elf,2009-08-22 12:40:54,94.7KB,4502e44f4a0c215effeb38c8a75defcd3f6d29f19210a44c83d02b982553bfc6,RVL_64
usr\bin\rvl,di_boot_lo.elf,2009-08-22 12:40:54,94.7KB,9f838e92afcbc4ed4667b5b48a0560a996df8d886c16d796aff2caa39d050925,RVL_64
usr\bin\rvl,di_boot_lo_prod.elf,2009-08-22 12:40:54,94.7KB,5c6c38145cb438376be92ed92deb9faf6596dc968aaceca7e897cdd1668cc950,RVL_64
usr\bin\rvl,di_boot_prod.elf,2009-08-22 12:40:54,94.7KB,ad1f5bb10bf188177f572a7be0046b8c4e409908a9a35bf6ca97b79569cda9ca,RVL_64
usr\bin\rvl,eemon.elf,2009-08-22 12:40:52,56.24KB,d6c70f6d95cdc81487254100816f032c422251e79f888d44e1987900758fb372,RVL_64
usr\bin\rvl,ehci.elf,2009-08-22 12:41:14,90.15KB,e9a5800d93b55c8b5b95601f20618ee4b2eb23bfa4939d47696eaf642e991e10,RVL_64
usr\bin\rvl,ehci_asix.elf,2009-08-22 12:41:14,96.79KB,0dc6cd125ac38fad7244e1b191eb4dbb2a2283f5eede787da76a866b1b6330d6,RVL_64
usr\bin\rvl,ehci_asix_err.elf,2009-08-22 12:41:14,91.87KB,4147e6743dca44da331d92ce987e6871f19311c14e80fa481239815dc85c33db,RVL_64
usr\bin\rvl,ehci_bms_rdwr_verify.elf,2009-08-22 12:41:14,96.73KB,6d043432bc041480f53bf95e2a0223719918d525c9267c31ce489467a10aa2e7,RVL_64
usr\bin\rvl,ehci_bms_rdwr_verify2.elf,2009-08-22 12:41:14,96.69KB,048219e2620db1aa2abebd2f35791529b7a42ae44bd04be5bafc2d3db80679bb,RVL_64
usr\bin\rvl,ehci_bms_rdwr_verify_4M.elf,2009-08-22 12:41:14,96.67KB,7c89194b80f5bf067b8676143902e99d69ded427520556bdf9f9615d1bbc0d8c,RVL_64
usr\bin\rvl,ehci_bms_read.elf,2009-08-22 12:41:14,96.74KB,b59f6a91f2c5a324d8b48e5e1e239eea789c9f3f87e708c40a95826069e51051,RVL_64
usr\bin\rvl,ehci_bms_write.elf,2009-08-22 12:41:14,96.71KB,fff91267997c4c4634603a1fdf9e5b66a2cb4815db9529c1ba9b77d180a3394a,RVL_64
usr\bin\rvl,ehci_bms_write_gt64K.elf,2009-08-22 12:41:14,96.72KB,09d9507244ade55601c1784ba3ae585c7d75a843f4072e178469c195b5622229,RVL_64
usr\bin\rvl,ehci_cam.elf,2009-08-22 12:41:14,96.35KB,bef445af5246810918137ff0ae8d99c5037d2c7396eec945b7e9e052f8fa876b,RVL_64
usr\bin\rvl,ehci_dummy.elf,2009-08-22 12:42:06,50.65KB,6a7008fc49ce007cb815eae42487b1d49f523d26ebacb7bd4b36df6ebe3edd47,RVL_64
usr\bin\rvl,ehci_flash.elf,2009-08-22 12:41:14,96.35KB,3df0b0d11ce2afecbc7a1e2cb803539585674049493bdb8a84a2550d83c8c041,RVL_64
usr\bin\rvl,ehci_high.elf,2009-08-22 12:41:14,96.03KB,5058dc2c65a47b13942c9c50be0a6b3274e45cf682c0d48e71fb91437ea9ebfd,RVL_64
usr\bin\rvl,ehci_kb.elf,2009-08-22 12:41:14,96.16KB,b499270a2ea9a61ef2b0a730289f6caa4debb820c6ea7d74f44af923a2723044,RVL_64
usr\bin\rvl,ehci_mic.elf,2009-08-22 12:41:14,96.25KB,e22a413958f8335a9ddcf4f9de718b6ddb26b66a65efdbba744ebf6a4add6230,RVL_64
usr\bin\rvl,ehci_mouse.elf,2009-08-22 12:41:14,96.21KB,a2fe6bb70edfe8acde356fc32a43059459e8fcbaac771b471af4e49427fe651e,RVL_64
usr\bin\rvl,ehci_sdlog.elf,2009-08-22 12:41:14,96.96KB,c8a12025dfb6afeb47455bd6db501602d6c6e32015068cf2990dbbcc0c576704,RVL_64
usr\bin\rvl,ehci_suspendresume.elf,2009-08-22 12:41:14,96.0KB,0d917ebf23e34e7fcb204a0100226e21f8525881dda6738478d506ad40306ed5,RVL_64
usr\bin\rvl,ehci_testsec.elf,2009-08-22 12:41:14,91.89KB,6a2ae3b313809fa0b8cd2464057334c6fc4658ca90f41467f3729813ff3369dc,RVL_64
usr\bin\rvl,ehci_usbview.elf,2009-08-22 12:41:14,96.04KB,a781ad29acc1585e43bca51d629611b43026d2df48878030fae39aa784991214,RVL_64
usr\bin\rvl,es.elf,2009-08-22 12:37:38,113.7KB,514c68e4a2f9706397f7d05f786fad196eda3aa48a0f9fa89f9416b3c1944469,RVL_64
usr\bin\rvl,esmon.elf,2009-08-22 12:37:42,80.64KB,410695af5c804b34e471e2921a115c15b9d53e42be8d1821dfba2ef8c5200e34,RVL_64
usr\bin\rvl,es_static.elf,2009-08-22 12:37:38,109.62KB,52a252e2259f753d4b7d19a5bc129ace40d6a3b639aea5653d490cd2e7fe922f,RVL_64
usr\bin\rvl,firmware.64.247.0.0.wad,2009-08-22 12:42:22,1922.5KB,10d02293592a28b50e7ce3467a601747ea2e6f3b6061592a1e77f852badc92b1,RVL_64
usr\bin\rvl,firmware.64.248.0.0.wad,2009-08-22 12:42:22,1917.31KB,2a42d33ea97cd46598f2fb733a3269fea214e7aeea4265208e73559147000f6d,RVL_64
usr\bin\rvl,firmware.64.249.0.0.wad,2009-08-22 12:42:22,1883.88KB,ae03e6db7c26a3f51f471dd3794ed6faa5981225ffdcc517d19b7b3c386a9592,RVL_64
usr\bin\rvl,firmware.64.33.4.16.bo.wad,2009-08-22 12:42:22,1906.38KB,d67e5ebbb2a35c59b3d208176078a358c9a48d623b2f11a4260b37b167e8a93f,RVL_64
usr\bin\rvl,firmware.64.33.4.16.wad,2009-08-22 12:42:22,1917.31KB,6f97b555e4a0df58a535a81ef873b5119bb813dd2b1dce1566d1cbf383a28244,RVL_64
usr\bin\rvl,firmware.64.34.4.16.wad,2009-08-22 12:42:22,1917.31KB,1115e02ae69fe95771fefa36f87fddb61390baa40c149e2978a4a32ae7f0b0b2,RVL_64
usr\bin\rvl,firmware.64.35.4.16.wad,2009-08-22 12:42:22,1917.31KB,69bbea65a7ce714b3564f6c44f8255c7b9de948167104e6ac077a7f22ef39a2d,RVL_64
usr\bin\rvl,firmware.64.37.8.22.wad,2009-08-22 12:42:22,1917.31KB,83e3264df3f9e39402850aa0ce8c6b6a46cf09baf87d79240457bf3575f9c3ac,RVL_64
usr\bin\rvl,firmware.64.53.16.17.wad,2009-08-22 12:42:22,1883.88KB,4e055da499beefe70be46b6b3d8a9f317a4bcaec45d72828b46ecad28423042c,RVL_64
usr\bin\rvl,fs.elf,2009-08-22 12:37:42,85.93KB,f98c0ca1ae6093da1ab4e13f6605690b41c20e01f91d03a3068a85d701f01503,RVL_64
usr\bin\rvl,fsmon.elf,2009-08-22 12:38:24,106.34KB,05a17edd7ac38dae575fcfbd4c214ae60908f0b1e827a2af6041e0f565d6c401,RVL_64
usr\bin\rvl,fs_fast.elf,2009-08-22 12:37:42,85.93KB,fec5c113bdeef95e5993c853df79dc9eeeef56bfcdca2df05cf0730b6987a4ec,RVL_64
usr\bin\rvl,fs_nocrypto.elf,2009-08-22 12:37:42,85.7KB,8294e8b119ed286866344311984a8a89e3a449c2619beddf027c89846b1ff918,RVL_64
usr\bin\rvl,fs_prod.elf,2009-08-22 12:37:42,85.93KB,527ea7a7ad850463c1ff250a739f48ce055ac8490c2b2abfa9c9f8350adbe2b5,RVL_64
usr\bin\rvl,fs_prod_fast.elf,2009-08-22 12:37:42,85.93KB,3e804723a5d8c436cf20deba769629ac79ce2aa96ffd715cb52d696e040c1b33,RVL_64
usr\bin\rvl,ios.elf,2009-08-22 12:41:00,210.28KB,0c679be56cb0aec29937e58525ed28d6336d01d595001ae786941987faa7e225,RVL_64
usr\bin\rvl,iosc_test_rm.elf,2009-08-22 12:41:34,86.25KB,68a8c90a5fb86ac3e654c67a90d558efc2ef23bf63f67e537d94c0fd9fe4c586,RVL_64
usr\bin\rvl,IOSVersions.txt,2009-08-22 13:16:56,0.74KB,f2914ee7aabbd25b466cf6b3dad9ab14ccda40fe95ae8f9b7eed1dc238eab48c,RVL_64
usr\bin\rvl,ios_crypto.elf,2009-08-22 12:41:00,210.28KB,0c679be56cb0aec29937e58525ed28d6336d01d595001ae786941987faa7e225,RVL_64
usr\bin\rvl,ios_csl.elf,2009-08-22 12:41:00,210.28KB,68bd40f8bf3a273f55ce662c7848083a067f6f5b2519b7fd8558a406b97c2b4d,RVL_64
usr\bin\rvl,ios_prod.elf,2009-08-22 12:41:00,208.14KB,4a4fa004b04ee0ad556503adc329a11cb98225e1c5cf2f239f9facebfbffd84f,RVL_64
usr\bin\rvl,ios_profile.elf,2009-08-22 12:41:00,216.04KB,dc857de6cd2687c3987276b4492ce3ae98da142b989d8831a190b34430c8693d,RVL_64
usr\bin\rvl,ios_real.elf,2009-08-22 12:41:00,208.14KB,9c472645a87433bba80d00531fa4243defa5fa0816d21e5bcd24a4e6bacf790a,RVL_64
usr\bin\rvl,ios_real_csl.elf,2009-08-22 12:41:00,208.14KB,46d32eb2ce1c0125088aabc464c10ab40bfc349cabe408bcfb4f38a05fcebc0a,RVL_64
usr\bin\rvl,ios_skipef_prod.elf,2009-08-22 12:41:00,208.09KB,dc6be602633f365ddc9a64efa68cb43a767a4f3efedc227aabc82106760cf85a,RVL_64
usr\bin\rvl,ios_sram.elf,2009-08-22 12:41:40,73.32KB,7ac91dc0da83ea4fe434763a52e8f422c1c0ba9154ceee5b630db0a0a406d380,RVL_64
usr\bin\rvl,kd.elf,2009-04-03 17:22:12,567.83KB,dd560fee7947798cd897f83916422b0e121be70703ba28503379424913a31327,RVL_64
usr\bin\rvl,loader.bin,2009-08-22 12:41:50,1.38KB,ec78296284360d6bc8cb7deb7da2d4277f4a29a525d3b4b6b03192cc0bf64b3a,RVL_64
usr\bin\rvl,loader_boot2.bin,2009-08-22 12:41:50,1.35KB,e1c17dba3a44be884bb51f52992e2c3e49fd0e4cc13a88f0f2341387763c6439,RVL_64
usr\bin\rvl,md5sum.txt,2009-08-22 13:17:03,0.83KB,986595c405744ad7818ac3df4400761c6d03571875585a65de6ab479e15149cf,RVL_64
usr\bin\rvl,minimon0_sram.elf,2009-08-22 12:40:50,80.09KB,bdb7850bc6bc17a602a1afcabfb79fc7c19c86852af924aa45c6fa6070158849,RVL_64
usr\bin\rvl,mini_bt.elf,2009-08-22 12:41:34,147.85KB,d3b7d65efd18812696e2fae4ed413eabda7ea276218927918ead63d2e455829d,RVL_64
usr\bin\rvl,mini_ios.elf,2009-08-22 12:41:32,72.24KB,7756476c2bd4076c5a4a9f989978152babcd91a72ec417ab200e3a88eab3031b,RVL_64
usr\bin\rvl,mini_ohci1.elf,2009-08-22 12:41:34,63.93KB,c3f7d9aaa486f0d02cce0d0b4f5df1185064639e53086b74657c49e8b4bcc1f9,RVL_64
usr\bin\rvl,mini_ohci1_asix.elf,2009-08-22 12:41:34,69.64KB,7cc4ab4f6cdc01c29b0f182f77a9467f5248dfee4c315af5c507579f7efa44fd,RVL_64
usr\bin\rvl,mini_ohci1_bt.elf,2009-08-22 12:41:34,68.47KB,8f3f241a01eb3fa881815fcf314399ae2cc8f420951728a580dbdbc8cf960ef5,RVL_64
usr\bin\rvl,mini_ohci1_mouse.elf,2009-08-22 12:41:34,66.24KB,b4c5af6ac9bece1492858afb326ffa7ac5dd1897c1d1a55dce33a0bea6730fd0,RVL_64
usr\bin\rvl,mios.bwf,2009-08-22 12:42:24,187.27KB,26469ee7c7279ac5340597616033fee616cffcb2c1b0d9c691dfd4c51eae6ecb,RVL_64
usr\bin\rvl,mios.img,2009-08-22 12:42:24,182.38KB,14865f48523135eac99f1f7e2f85e3463ec457637d520ba226d2b429a9a085c3,RVL_64
usr\bin\rvl,mios.wad,2009-08-22 12:42:24,187.5KB,72bc1c3f9e00a04a4f4b7c800386307ed46ccb985125b002b91d771b4617850e,RVL_64
usr\bin\rvl,mq.elf,2009-08-22 12:41:40,47.75KB,eb199723722e60d0e5bc6df5b698cdede1c83a3ddce94f3e5a3ac6568966091b,RVL_64
usr\bin\rvl,ncd.elf,2009-04-03 17:22:12,97.6KB,c5de54e5f692592fc93a72b56ba1ce3684e14cc20cc57f368264627378423f27,RVL_64
usr\bin\rvl,net.elf,2009-08-22 12:41:26,278.17KB,ab0b949f889689709b2eb34fd5289eab12915a5d891f6e3d1b03a92cc43c7547,RVL_64
usr\bin\rvl,ohci0.elf,2009-08-22 12:41:06,80.7KB,a85912b5b217e4ea252b4fdbb6433d6efb4857773030daf9e2855fa41b64b129,RVL_64
usr\bin\rvl,ohci0_asix.elf,2009-08-22 12:41:06,87.34KB,631474d8f28b06d61cf843aa7e7f7182a6eddf170d663480690e6d6c04fd8ac1,RVL_64
usr\bin\rvl,ohci0_audio.elf,2009-08-22 12:41:06,86.77KB,f411738f430fa822f37ddab953f6422cfa832c56919dd7347a3e758ab34da869,RVL_64
usr\bin\rvl,ohci0_bms.elf,2009-08-22 12:41:06,87.16KB,fa423331d4d0247672f4f5c2de22cb4ba2afd969144a00adc77d8b2fbf699a81,RVL_64
usr\bin\rvl,ohci0_bms_rdwr_verify_4M.elf,2009-08-22 12:41:06,87.21KB,316b98c4d49739223b39a9dcfe11b973958d696b288f1514e38105a41ebaeebd,RVL_64
usr\bin\rvl,ohci0_bms_read.elf,2009-08-22 12:41:06,87.23KB,854224e69a4733f77baad1ea26d542c79c754f6fadd7b5cc45b5ce2bf2cbb591,RVL_64
usr\bin\rvl,ohci0_bms_write.elf,2009-08-22 12:41:06,87.23KB,eb4a7f9795a6eb09c713ecef033787eba98d23df3227bf88b85667649708e45d,RVL_64
usr\bin\rvl,ohci0_bt.elf,2009-08-22 12:41:06,87.24KB,f0eb02a364ebda0f4421868ceb7e942dbdfe44159b866c1b1faed6099f167291,RVL_64
usr\bin\rvl,ohci0_eyetoy.elf,2009-08-22 12:41:06,101.63KB,16793741bcf003b044054e2e5e9d446804a815d5b08052b6a4db84a709286b80,RVL_64
usr\bin\rvl,ohci0_fullslow.elf,2009-08-22 12:41:06,86.58KB,b768c663c6cb44b424f6c142aaa735a737ea5ac9ea78d0d06b8b37ef4ca4ebb0,RVL_64
usr\bin\rvl,ohci0_g15write.elf,2009-08-22 12:41:06,86.56KB,52851ae6bd37eccb84b8d92a17e479722dffa3ec4827cb6683e50bd4eaac6267,RVL_64
usr\bin\rvl,ohci0_kb.elf,2009-08-22 12:41:06,86.71KB,0c0e3f0ffbc69523376cd53764345e644e26d855ee7a5cb5f9be491689561567,RVL_64
usr\bin\rvl,ohci0_mic.elf,2009-08-22 12:41:06,86.71KB,2dca74bfd0ced50ed83eb3b6eee446c2c6a9b8babed887f55096a098c9d8ae36,RVL_64
usr\bin\rvl,ohci0_mouse.elf,2009-08-22 12:41:06,86.71KB,ba2e23580e2ea27c22ffa646d43378c7165394a91bef10008503f4cebabb8456,RVL_64
usr\bin\rvl,ohci0_mouse_close.elf,2009-08-22 12:41:06,86.59KB,47b7989a468ac4ab811e6c66a9565fe7f22ee4f3de795a785a44739c82743bac,RVL_64
usr\bin\rvl,ohci0_multiple.elf,2009-08-22 12:41:06,91.5KB,1359b01bde7c1778406f1d5fe84d5cb395ae18396d46498674a8445825b0bc67,RVL_64
usr\bin\rvl,ohci0_multi_mic.elf,2009-08-22 12:41:06,86.87KB,26f2d8f021a1b1f83d3eb28315ed9e5d79cd2d76c88b72e35ca22c8bb9a6c6ae,RVL_64
usr\bin\rvl,ohci0_suspend.elf,2009-08-22 12:41:06,86.52KB,04b714481153467b7ec2efbcfd5b34f1a73c7af1007e5a07cec52600459cf20a,RVL_64
usr\bin\rvl,ohci0_test544.elf,2009-08-22 12:41:06,86.72KB,2c241251f501a7d555758a55bca3324da64e910dcda21a89bef3b37b44809f17,RVL_64
usr\bin\rvl,ohci0_test682.elf,2009-08-22 12:41:06,86.73KB,0a5d036480c8b76b5a11f627a27860646e2124d41d74f0772c18fb3bb3445d7c,RVL_64
usr\bin\rvl,ohci0_testsec.elf,2009-08-22 12:41:06,86.44KB,fe41cc7bd00e786d602dc421386548903a0defbcaa7b3c6169d394c4c982a6c0,RVL_64
usr\bin\rvl,ohci0_usbview.elf,2009-08-22 12:41:06,86.58KB,b51b364c88a11d9b2ffa24bbf647c98124d87e33d19b5d5b4ecaa664cd9bbdda,RVL_64
usr\bin\rvl,ohci1.elf,2009-08-22 12:41:08,65.81KB,5eae1efbce77f997b8af9aee0dda654707870de989d0f09b2ecc4c2e11207332,RVL_64
usr\bin\rvl,ohci1_asix.elf,2009-08-22 12:41:08,72.59KB,ca032e5d1d635889c0c9e8ec6adbe356280b17d056c0f8b867e013f43f42518a,RVL_64
usr\bin\rvl,ohci1_bt.elf,2009-08-22 12:41:08,72.45KB,faebc78649690077bb8f714ae959aed9d924f46e356cd504a56397521d21ba5b,RVL_64
usr\bin\rvl,ohci1_diag.elf,2009-08-22 12:41:08,66.07KB,b2fb7057ac913c4dcfc437a44ea5be55cdcfe3cde87fa880381e29e6ebcfc3e5,RVL_64
usr\bin\rvl,ohci1_fullslow.elf,2009-08-22 12:41:08,71.81KB,cb13cd46a62842f5c25d178f5f6f3916713d05da8b120b2467e9b78cb149caf9,RVL_64
usr\bin\rvl,ohci1_mouse.elf,2009-08-22 12:41:08,71.99KB,9671a8f7590ce67113151f6b9c48fd67a502eb6aa589f199c87e42d9c865c1bf,RVL_64
usr\bin\rvl,ohci1_sram_bt.elf,2009-08-22 12:41:08,71.73KB,06a849549c5ba63d73a5e3737a272fd56c51f4e3947867c36dcb2974b383547a,RVL_64
usr\bin\rvl,os.img,2009-08-22 12:42:22,164.74KB,054bff82f20e419551163efdba619c3503c885402f3d29abb051a9d50799f11f,RVL_64
usr\bin\rvl,os_prod.img,2009-08-22 12:42:22,164.8KB,e7d752f19a8c0f7ec834a48208e34c9e89509288b842a50963d7b2b673cd2617,RVL_64
usr\bin\rvl,p2p.elf,2009-08-22 12:37:52,396.54KB,95c87a2471c698ae708ec5137d88f732b28706becef82528c560f69c4d71b274,RVL_64
usr\bin\rvl,ppcboot.elf,2009-08-22 12:42:06,54.13KB,abb59537f33a87a6b405532aea0fe278a03c308be712a1fab677348bcfb609c9,RVL_64
usr\bin\rvl,readelf.txt,2009-12-02 12:19:20,9.89KB,de8d345955d42791a0a7915df8f8bc5c50de487b89a69affcf81ddb26f6c481a,RVL_64
usr\bin\rvl,sdi.elf,2009-08-22 12:41:00,57.67KB,1461ccbe464315d615370c641934791fd1c45189d7204e0e0189c143462cb42f,RVL_64
usr\bin\rvl,sdi_file.elf,2009-08-22 12:41:40,57.21KB,bd7be328c2e8734794f6b8a28ecd81c2e793bd0926dd394aceecc1254d2210d2,RVL_64
usr\bin\rvl,sdmon.elf,2009-08-22 12:40:52,59.72KB,b371fe608828e1bb67fbcd78da88f1352701499ec6f9f5afcdd89e929a28dffb,RVL_64
usr\bin\rvl,sd_boot.bwf,2009-08-22 12:41:56,146.81KB,f35bfcb7d48d48fabb8e27c7c58a06e30a4d21256935a576d6ff02550e32a16c,RVL_64
usr\bin\rvl,sd_boot.elf,2009-08-22 12:41:56,111.0KB,e2f1c843323ea92d427063283fef724b60ba1fc337043c3a396ad14cbeaa2f26,RVL_64
usr\bin\rvl,sd_boot.flash,2009-08-22 12:41:56,264.0KB,4111fcc70967cd05d817042605fd0baf4f42f613b3ec7e87f03de6151ba8549a,RVL_64
usr\bin\rvl,sd_boot.img,2009-08-22 12:41:56,141.93KB,f4dbc232dc67f4dfa6ba86a5d6efcfc232689800d29fbcef152f1d377d7fd709,RVL_64
usr\bin\rvl,sd_final_devel.img,2009-08-22 12:41:58,197.79KB,3d418f3d18a2ef53139172d5022faae53ebf3763d7a3aec340472a0eff1af229,RVL_64
usr\bin\rvl,sd_final_devel.wad,2009-08-22 12:41:58,202.88KB,ae236c1d7d575cddb4c10f91807eed5d49ac0b3a7fe2d09be7674e7fa0684e9b,RVL_64
usr\bin\rvl,sd_final_prod.img,2009-08-22 12:41:58,197.86KB,b664169302313f16f4f057514a52c6f30bfbd11309cd02cfca909e1e81edd14e,RVL_64
usr\bin\rvl,sd_final_prod.wad,2009-08-22 12:41:58,202.94KB,44162c5d6740af34223756db4f49cb0e7d40e43a4d9ca687eebdd8683cb902a0,RVL_64
usr\bin\rvl,sd_os_devel.img,2009-08-22 12:41:58,197.18KB,14d55323aa093fb5963491d04a20a5ef011f93eacb5672e7ed945c9bf07325f1,RVL_64
usr\bin\rvl,sd_os_devel.wad,2009-08-22 12:41:58,202.25KB,e7ef000b2acb5faf5f392559ff763114f4383aec740d338c5fdcacfec2cf59af,RVL_64
usr\bin\rvl,sd_os_prod.img,2009-08-22 12:41:58,197.24KB,8fb2dab2bb4b784338718ce96fd933ffbc7dc080202b91a0b5677aec538226ef,RVL_64
usr\bin\rvl,sd_os_prod.wad,2009-08-22 12:41:58,202.31KB,02040a2d5e7073b1737c370c37bb2fe2a354b4faaceda05eb721abf6f1b44338,RVL_64
usr\bin\rvl,size.txt,2009-12-03 20:46:56,1.25KB,23267966454f6faac91ab44e3f170d8d8c7f5049636649c9cf7cb26b167d010f,RVL_64
usr\bin\rvl,so.elf,2009-04-03 17:22:12,274.63KB,ff97d076b7e3295e6024567e797c120e8c3159bb9d03b680fe32287caefee0fe,RVL_64
usr\bin\rvl,ssl.elf,2009-04-03 17:22:12,755.97KB,5e1d331245f04e6e03b0993af83e0ba1dcb1696ccee749290a48e37361967847,RVL_64
usr\bin\rvl,stm.elf,2009-04-03 17:22:12,67.23KB,d2cabed6aeffbad2ead48496bce69c9bf89d2b59c288df0f4d94ff72d6da4c40,RVL_64
usr\bin\rvl,tmr.elf,2009-08-22 12:41:40,47.12KB,66ac3970b8c642e4b082999661173bc3ffbd382a1909307a8851827b785fded0,RVL_64
usr\bin\rvl,tmr1.elf,2009-08-22 12:41:40,47.42KB,9b582e1de690527f340af5c8b77f92f1cc137ced9c7769e8771ddf943c5c448d,RVL_64
usr\bin\rvl,usbeth.elf,2009-08-22 12:41:26,69.29KB,116c0751d0e61f7f95a3ce9c8b5e4f02d48a4a4f42f10b253059aa6c7632e078,RVL_64
usr\bin\rvl,usbeth_ncl.elf,2009-04-03 17:22:12,82.13KB,163114b81c8cd77523de651422477c6b93060d1f49fc052e7f658bfb40208d05,RVL_64
usr\bin\rvl,usb_hid.elf,2009-04-03 17:30:08,61.35KB,592cb26635668701ce3e02b62ab2a9b5e87b0b2449eb4dd5672a7276c69c8d17,RVL_64
usr\bin\rvl,wd.elf,2009-04-03 17:22:12,123.85KB,00d55ffd4fce26ac795d0898f3da9d9440ea67f21b82d08ab973924da2bb295f,RVL_64
usr\bin\rvl,wfs_dummy.elf,2009-08-22 12:41:34,86.25KB,68a8c90a5fb86ac3e654c67a90d558efc2ef23bf63f67e537d94c0fd9fe4c586,RVL_64
usr\bin\rvl,wldrvr.elf,2009-04-03 17:22:12,538.78KB,61bb6ef5058cec51da1b8ba90e99298f6e3accada583f238dac1e2be59979e93,RVL_64
usr\bin\rvl\BON_RM_64_ios_release_090822123105\rvl-64,boot1_compat.elf,2009-08-22 12:42:23,60.15KB,0a948acfb8d500381adef08eb21f89b34f57564d9783ba205994c82e4018bdee,RVL_64
usr\bin\rvl\BON_RM_64_ios_release_090822123105\rvl-64,boot1_compat.img,2009-08-22 12:42:23,18.11KB,91512576dc19292f2fb42b1f49a51e4c720de25dca9c386d48b5f8826c69c2a0,RVL_64
usr\bin\rvl\BON_RM_64_ios_release_090822123105\rvl-64,boot1_compat_prod.elf,2009-08-22 12:42:23,63.42KB,363d6aa68b70be713bafda1e0f8c70b7392395e8e77ff1c38d60a2749c8b3866,RVL_64
usr\bin\rvl\BON_RM_64_ios_release_090822123105\rvl-64,boot1_compat_prod.img,2009-08-22 12:42:23,20.04KB,4ce7fff5063fc6c124feec324314cc2359e6cc58e7c355fe5e6631b02c4f028c,RVL_64
usr\bin\rvl\BON_RM_64_ios_release_090822123105\rvl-64,di_boot.elf,2009-08-22 12:40:53,94.7KB,4502e44f4a0c215effeb38c8a75defcd3f6d29f19210a44c83d02b982553bfc6,RVL_64
usr\bin\rvl\BON_RM_64_ios_release_090822123105\rvl-64,di_boot_prod.elf,2009-08-22 12:40:53,94.7KB,ad1f5bb10bf188177f572a7be0046b8c4e409908a9a35bf6ca97b79569cda9ca,RVL_64
usr\bin\rvl\BON_RM_64_ios_release_090822123105\rvl-64,eemon.elf,2009-08-22 12:40:51,56.24KB,d6c70f6d95cdc81487254100816f032c422251e79f888d44e1987900758fb372,RVL_64
usr\bin\rvl\BON_RM_64_ios_release_090822123105\rvl-64,es.elf,2009-08-22 12:37:38,113.7KB,514c68e4a2f9706397f7d05f786fad196eda3aa48a0f9fa89f9416b3c1944469,RVL_64
usr\bin\rvl\BON_RM_64_ios_release_090822123105\rvl-64,fs.elf,2009-08-22 12:37:41,85.93KB,f98c0ca1ae6093da1ab4e13f6605690b41c20e01f91d03a3068a85d701f01503,RVL_64
usr\bin\rvl\BON_RM_64_ios_release_090822123105\rvl-64,fsmon.elf,2009-08-22 12:38:23,106.34KB,05a17edd7ac38dae575fcfbd4c214ae60908f0b1e827a2af6041e0f565d6c401,RVL_64
usr\bin\rvl\BON_RM_64_ios_release_090822123105\rvl-64,fs_fast.elf,2009-08-22 12:37:41,85.93KB,fec5c113bdeef95e5993c853df79dc9eeeef56bfcdca2df05cf0730b6987a4ec,RVL_64
usr\bin\rvl\BON_RM_64_ios_release_090822123105\rvl-64,fs_prod.elf,2009-08-22 12:37:41,85.93KB,527ea7a7ad850463c1ff250a739f48ce055ac8490c2b2abfa9c9f8350adbe2b5,RVL_64
usr\bin\rvl\BON_RM_64_ios_release_090822123105\rvl-64,fs_prod_fast.elf,2009-08-22 12:37:41,85.93KB,3e804723a5d8c436cf20deba769629ac79ce2aa96ffd715cb52d696e040c1b33,RVL_64
usr\bin\rvl\BON_RM_64_ios_release_090822123105\rvl-64,ios.elf,2009-08-22 12:40:59,210.28KB,0c679be56cb0aec29937e58525ed28d6336d01d595001ae786941987faa7e225,RVL_64
usr\bin\rvl\BON_RM_64_ios_release_090822123105\rvl-64,ios_prod.elf,2009-08-22 12:40:59,208.14KB,4a4fa004b04ee0ad556503adc329a11cb98225e1c5cf2f239f9facebfbffd84f,RVL_64
usr\bin\rvl\BON_RM_64_ios_release_090822123105\rvl-64,ios_real.elf,2009-08-22 12:40:59,208.14KB,9c472645a87433bba80d00531fa4243defa5fa0816d21e5bcd24a4e6bacf790a,RVL_64
usr\bin\rvl\BON_RM_64_ios_release_090822123105\rvl-64,loader.bin,2009-08-22 12:41:50,1.38KB,ec78296284360d6bc8cb7deb7da2d4277f4a29a525d3b4b6b03192cc0bf64b3a,RVL_64
usr\bin\rvl\BON_RM_64_ios_release_090822123105\rvl-64,loader_boot2.bin,2009-08-22 12:41:50,1.35KB,e1c17dba3a44be884bb51f52992e2c3e49fd0e4cc13a88f0f2341387763c6439,RVL_64
usr\bin\rvl\BON_RM_64_ios_release_090822123105\rvl-64,minimon0_sram.elf,2009-08-22 12:40:50,80.09KB,bdb7850bc6bc17a602a1afcabfb79fc7c19c86852af924aa45c6fa6070158849,RVL_64
usr\bin\rvl\BON_RM_64_ios_release_090822123105\rvl-64,mini_ios.elf,2009-08-22 12:41:32,72.24KB,7756476c2bd4076c5a4a9f989978152babcd91a72ec417ab200e3a88eab3031b,RVL_64
usr\bin\rvl\BON_RM_64_ios_release_090822123105\rvl-64,mios.img,2009-08-22 12:42:23,182.38KB,14865f48523135eac99f1f7e2f85e3463ec457637d520ba226d2b429a9a085c3,RVL_64
usr\bin\rvl\BON_RM_64_ios_release_090822123105\rvl-64,ohci1.elf,2009-08-22 12:41:07,65.81KB,5eae1efbce77f997b8af9aee0dda654707870de989d0f09b2ecc4c2e11207332,RVL_64
usr\bin\rvl\BON_RM_64_ios_release_090822123105\rvl-64,sdi.elf,2009-08-22 12:40:59,57.67KB,1461ccbe464315d615370c641934791fd1c45189d7204e0e0189c143462cb42f,RVL_64
usr\bin\rvl\BON_RM_64_ios_release_090822123105\rvl-64,sdmon.elf,2009-08-22 12:40:51,59.72KB,b371fe608828e1bb67fbcd78da88f1352701499ec6f9f5afcdd89e929a28dffb,RVL_64
usr\bin\rvl\DIAG_SDK_64_ios_release_090822123105,install.sh,2009-08-22 12:42:23,0.48KB,6567355b7e06a433e9056f409a9e5640b20f37eddaa463637b72fb5b56891cc8,RVL_64
usr\bin\rvl\DIAG_SDK_64_ios_release_090822123105,README.txt,2009-08-22 12:42:23,4.18KB,7b8bd0764250be253cdb95d718bf1d66f272162e83b169864a715ae14a985791,RVL_64
usr\bin\rvl\DIAG_SDK_64_ios_release_090822123105\usr\bin\rvl,boot1_ati.flash,2009-08-22 12:41:49,132.0KB,82676ce22029df0e9aa7beb903eded4adc1935725f3a7f3a2e5c7203d7615bc6,RVL_64
usr\bin\rvl\DIAG_SDK_64_ios_release_090822123105\usr\bin\rvl,boot1_compat.elf,2009-08-22 12:42:23,60.15KB,0a948acfb8d500381adef08eb21f89b34f57564d9783ba205994c82e4018bdee,RVL_64
usr\bin\rvl\DIAG_SDK_64_ios_release_090822123105\usr\bin\rvl,boot1_compat.img,2009-08-22 12:42:23,18.11KB,91512576dc19292f2fb42b1f49a51e4c720de25dca9c386d48b5f8826c69c2a0,RVL_64
usr\bin\rvl\DIAG_SDK_64_ios_release_090822123105\usr\bin\rvl,boot1_compat_prod.elf,2009-08-22 12:42:23,63.42KB,363d6aa68b70be713bafda1e0f8c70b7392395e8e77ff1c38d60a2749c8b3866,RVL_64
usr\bin\rvl\DIAG_SDK_64_ios_release_090822123105\usr\bin\rvl,boot1_compat_prod.img,2009-08-22 12:42:23,20.04KB,4ce7fff5063fc6c124feec324314cc2359e6cc58e7c355fe5e6631b02c4f028c,RVL_64
usr\bin\rvl\DIAG_SDK_64_ios_release_090822123105\usr\bin\rvl,boot1_dev.aes,2009-08-22 12:41:49,17.0KB,df39e4a0f7149739cac469d45a3d34ed746643dd780fbd35c85b0a30221e7a0f,RVL_64
usr\bin\rvl\DIAG_SDK_64_ios_release_090822123105\usr\bin\rvl,boot1_dev.flash,2009-08-22 12:41:49,132.0KB,c5754683ccfa7f42dab7d4b518457f418c35139256db5d233719e1de02b32e3b,RVL_64
usr\bin\rvl\DIAG_SDK_64_ios_release_090822123105\usr\bin\rvl,boot1_nintendo.flash,2009-08-22 12:41:49,132.0KB,b4e7c0499e59f044e215761dbd5345829b9dda35af72f71b71f90b761fdb2bd5,RVL_64
usr\bin\rvl\DIAG_SDK_64_ios_release_090822123105\usr\bin\rvl,boot1_prod.flash,2009-08-22 12:41:46,132.0KB,9e26275692efab5381583e97a7263b85a456a64437c4ef915cac546b7764c4dd,RVL_64
usr\bin\rvl\DIAG_SDK_64_ios_release_090822123105\usr\bin\rvl,boot2.wad,2009-08-22 12:42:21,169.75KB,450a14624dafb074c4d1356859d43b57b49d3205aeb28e3b044853be8a54e775,RVL_64
usr\bin\rvl\DIAG_SDK_64_ios_release_090822123105\usr\bin\rvl,boot2_dev.wad,2009-08-22 12:42:21,169.75KB,2e2340241d6a55ffdc7f785c0df891185e934d66b6d911d7db859a611d573b3b,RVL_64
usr\bin\rvl\DIAG_SDK_64_ios_release_090822123105\usr\bin\rvl,boot2_prod.img,2009-08-22 12:42:21,164.77KB,5c9a3544b633d0d561e63a5c6fbf98313a3dcc521f1a85a0e171c3e99f85a90c,RVL_64
usr\bin\rvl\DIAG_SDK_64_ios_release_090822123105\usr\bin\rvl,di_boot.elf,2009-08-22 12:40:53,94.7KB,4502e44f4a0c215effeb38c8a75defcd3f6d29f19210a44c83d02b982553bfc6,RVL_64
usr\bin\rvl\DIAG_SDK_64_ios_release_090822123105\usr\bin\rvl,di_boot_lo.elf,2009-08-22 12:40:53,94.7KB,9f838e92afcbc4ed4667b5b48a0560a996df8d886c16d796aff2caa39d050925,RVL_64
usr\bin\rvl\DIAG_SDK_64_ios_release_090822123105\usr\bin\rvl,di_boot_lo_prod.elf,2009-08-22 12:40:53,94.7KB,5c6c38145cb438376be92ed92deb9faf6596dc968aaceca7e897cdd1668cc950,RVL_64
usr\bin\rvl\DIAG_SDK_64_ios_release_090822123105\usr\bin\rvl,di_boot_prod.elf,2009-08-22 12:40:53,94.7KB,ad1f5bb10bf188177f572a7be0046b8c4e409908a9a35bf6ca97b79569cda9ca,RVL_64
usr\bin\rvl\DIAG_SDK_64_ios_release_090822123105\usr\bin\rvl,eemon.elf,2009-08-22 12:40:51,56.24KB,d6c70f6d95cdc81487254100816f032c422251e79f888d44e1987900758fb372,RVL_64
usr\bin\rvl\DIAG_SDK_64_ios_release_090822123105\usr\bin\rvl,ehci.elf,2009-08-22 12:41:13,90.15KB,e9a5800d93b55c8b5b95601f20618ee4b2eb23bfa4939d47696eaf642e991e10,RVL_64
usr\bin\rvl\DIAG_SDK_64_ios_release_090822123105\usr\bin\rvl,es.elf,2009-08-22 12:37:38,113.7KB,514c68e4a2f9706397f7d05f786fad196eda3aa48a0f9fa89f9416b3c1944469,RVL_64
usr\bin\rvl\DIAG_SDK_64_ios_release_090822123105\usr\bin\rvl,esmon.elf,2009-08-22 12:37:42,80.64KB,410695af5c804b34e471e2921a115c15b9d53e42be8d1821dfba2ef8c5200e34,RVL_64
usr\bin\rvl\DIAG_SDK_64_ios_release_090822123105\usr\bin\rvl,es_static.elf,2009-08-22 12:37:38,109.62KB,52a252e2259f753d4b7d19a5bc129ace40d6a3b639aea5653d490cd2e7fe922f,RVL_64
usr\bin\rvl\DIAG_SDK_64_ios_release_090822123105\usr\bin\rvl,fs.elf,2009-08-22 12:37:41,85.93KB,f98c0ca1ae6093da1ab4e13f6605690b41c20e01f91d03a3068a85d701f01503,RVL_64
usr\bin\rvl\DIAG_SDK_64_ios_release_090822123105\usr\bin\rvl,fsmon.elf,2009-08-22 12:38:23,106.34KB,05a17edd7ac38dae575fcfbd4c214ae60908f0b1e827a2af6041e0f565d6c401,RVL_64
usr\bin\rvl\DIAG_SDK_64_ios_release_090822123105\usr\bin\rvl,fs_fast.elf,2009-08-22 12:37:41,85.93KB,fec5c113bdeef95e5993c853df79dc9eeeef56bfcdca2df05cf0730b6987a4ec,RVL_64
usr\bin\rvl\DIAG_SDK_64_ios_release_090822123105\usr\bin\rvl,ios.elf,2009-08-22 12:40:59,210.28KB,0c679be56cb0aec29937e58525ed28d6336d01d595001ae786941987faa7e225,RVL_64
usr\bin\rvl\DIAG_SDK_64_ios_release_090822123105\usr\bin\rvl,ios_prod.elf,2009-08-22 12:40:59,208.14KB,4a4fa004b04ee0ad556503adc329a11cb98225e1c5cf2f239f9facebfbffd84f,RVL_64
usr\bin\rvl\DIAG_SDK_64_ios_release_090822123105\usr\bin\rvl,ios_real.elf,2009-08-22 12:40:59,208.14KB,9c472645a87433bba80d00531fa4243defa5fa0816d21e5bcd24a4e6bacf790a,RVL_64
usr\bin\rvl\DIAG_SDK_64_ios_release_090822123105\usr\bin\rvl,loader.bin,2009-08-22 12:41:50,1.38KB,ec78296284360d6bc8cb7deb7da2d4277f4a29a525d3b4b6b03192cc0bf64b3a,RVL_64
usr\bin\rvl\DIAG_SDK_64_ios_release_090822123105\usr\bin\rvl,loader_boot2.bin,2009-08-22 12:41:50,1.35KB,e1c17dba3a44be884bb51f52992e2c3e49fd0e4cc13a88f0f2341387763c6439,RVL_64
usr\bin\rvl\DIAG_SDK_64_ios_release_090822123105\usr\bin\rvl,minimon0_sram.elf,2009-08-22 12:40:50,80.09KB,bdb7850bc6bc17a602a1afcabfb79fc7c19c86852af924aa45c6fa6070158849,RVL_64
usr\bin\rvl\DIAG_SDK_64_ios_release_090822123105\usr\bin\rvl,mini_ios.elf,2009-08-22 12:41:32,72.24KB,7756476c2bd4076c5a4a9f989978152babcd91a72ec417ab200e3a88eab3031b,RVL_64
usr\bin\rvl\DIAG_SDK_64_ios_release_090822123105\usr\bin\rvl,mios.img,2009-08-22 12:42:23,182.38KB,14865f48523135eac99f1f7e2f85e3463ec457637d520ba226d2b429a9a085c3,RVL_64
usr\bin\rvl\DIAG_SDK_64_ios_release_090822123105\usr\bin\rvl,sdi.elf,2009-08-22 12:40:59,57.67KB,1461ccbe464315d615370c641934791fd1c45189d7204e0e0189c143462cb42f,RVL_64
usr\bin\rvl\DIAG_SDK_64_ios_release_090822123105\usr\bin\rvl,sdmon.elf,2009-08-22 12:40:51,59.72KB,b371fe608828e1bb67fbcd78da88f1352701499ec6f9f5afcdd89e929a28dffb,RVL_64
usr\bin\rvl\DIAG_SDK_64_ios_release_090822123105\usr\include,boot.h,2009-08-22 12:37:17,1.71KB,eb6bc9ea665f880305c2bad47461735e1b48f5014976abf7d12af7305e4b6da7,RVL_64
usr\bin\rvl\DIAG_SDK_64_ios_release_090822123105\usr\include,csl.h,2009-08-22 12:37:17,4.22KB,a55e10afa7424e636c787d119c19fd695408176bd95a41295c84c3572009f93b,RVL_64
usr\bin\rvl\DIAG_SDK_64_ios_release_090822123105\usr\include,csltypes.h,2009-08-22 12:37:17,1.74KB,82eba50aee507d703fe618c02e631fef19537a685f268684561ed0f11790d425,RVL_64
usr\bin\rvl\DIAG_SDK_64_ios_release_090822123105\usr\include,es.h,2009-08-22 12:37:17,9.38KB,70ee9db8a17f299495282f0a8f4310422b965fbe21db6c43e9a3cdb5d83915dd,RVL_64
usr\bin\rvl\DIAG_SDK_64_ios_release_090822123105\usr\include,estypes.h,2009-08-22 12:37:17,12.66KB,8bc5191758126d728e07268c80e7a3215143a37347bf325d8d5613768a8744bb,RVL_64
usr\bin\rvl\DIAG_SDK_64_ios_release_090822123105\usr\include,es_int.h,2009-08-22 12:37:17,7.05KB,a90c794c9978f764c656b3affe0aa47658dd32cfcf3a67d11bc5e8eb1e083a32,RVL_64
usr\bin\rvl\DIAG_SDK_64_ios_release_090822123105\usr\include,flash.h,2009-08-22 12:37:17,3.37KB,c6b985f840b3f32648620fbb48c1263bf4854192d0ff5c1f3f4547e812625bf2,RVL_64
usr\bin\rvl\DIAG_SDK_64_ios_release_090822123105\usr\include,fl_ops.h,2009-08-22 12:37:17,3.88KB,79b88afec51628620347689ade2ff86b58c916709862439eb4dc269de523efbe,RVL_64
usr\bin\rvl\DIAG_SDK_64_ios_release_090822123105\usr\include,fl_utils.h,2009-08-22 12:37:17,2.4KB,22521213674f51e4e1deeda74e211e73ea0db1a3523a3dfc77aad1070f102516,RVL_64
usr\bin\rvl\DIAG_SDK_64_ios_release_090822123105\usr\include,fs.h,2009-08-22 12:37:17,6.69KB,b769b02225ae0a2b92fe15d2f96172682b73273cddcb1bff23bcf17c73c305dd,RVL_64
usr\bin\rvl\DIAG_SDK_64_ios_release_090822123105\usr\include,iosc.h,2009-08-22 12:37:17,4.43KB,44100e9cdb5637398f4eaa5501b11530a187736eeb57f6d1e9583b805f4baeea,RVL_64
usr\bin\rvl\DIAG_SDK_64_ios_release_090822123105\usr\include,iosccert.h,2009-08-22 12:37:17,3.63KB,93b4894dd409e9dbdbe691466748ae5c50e019a6fb8f2d23192f2b2437a6de7b,RVL_64
usr\bin\rvl\DIAG_SDK_64_ios_release_090822123105\usr\include,iosctypes.h,2009-08-22 12:37:17,4.41KB,fe7b071ce85474c98c6543ec6ecf41139c13a3638dae3f03f629d5dfad9463aa,RVL_64
usr\bin\rvl\DIAG_SDK_64_ios_release_090822123105\usr\include,ioslibc.h,2009-08-22 12:37:17,3.16KB,5c960aa6bb57ca5cb63f6c8b8aea87c03e5ed7a7d8c96d9d21b90137acaa0b5d,RVL_64
usr\bin\rvl\DIAG_SDK_64_ios_release_090822123105\usr\include,sha1.h,2009-08-22 12:37:17,1.12KB,a151165ee4ca6ec84d7d8eeeb195acd0d5148c3ec05872721c409666260f96c3,RVL_64
usr\bin\rvl\DIAG_SDK_64_ios_release_090822123105\usr\include\make,commondefs,2009-03-23 17:07:53,10.61KB,79432cc57dc220a5ac3f87766ec814aa225f1f7a7c0ce85178d06c6b04506c7e,RVL_64
usr\bin\rvl\DIAG_SDK_64_ios_release_090822123105\usr\include\make,commonrules,2006-05-08 15:39:08,4.38KB,54831fb6171581922e7d42dd83f6cec1df4a1e168e40c35955882946009db3b0,RVL_64
usr\bin\rvl\DIAG_SDK_64_ios_release_090822123105\usr\include\make,dummyrules,2005-11-30 15:15:49,0.22KB,c00c473fc108af14bf8aa11a506a07a24a267d3b5f575038b9ca27aa8dac49dd,RVL_64
usr\bin\rvl\DIAG_SDK_64_ios_release_090822123105\usr\include\make,NGaddrs,2009-04-03 19:00:25,9.27KB,e97dc028be6f3ab79d52f9ac2f10a4a057c0393cc749e14476136f577ea3fb24,RVL_64
usr\bin\rvl\DIAG_SDK_64_ios_release_090822123105\usr\include\make,NGaddrs_8M,2007-07-20 15:18:30,9.33KB,32957c6b11a29a3f1410d9547b4b2e3d6b2d35a9c6a110b270557c486fd303fc,RVL_64
usr\bin\rvl\DIAG_SDK_64_ios_release_090822123105\usr\include\make,NGaddrs_debug,2009-04-03 19:00:25,9.27KB,e02bc172b8c9bc565e8c676507ef0b08e2fcf25e927fdb253a7c894f043f0d61,RVL_64
usr\bin\rvl\DIAG_SDK_64_ios_release_090822123105\usr\include\make,NGaddrs_debug_8M,2007-07-20 15:18:30,9.33KB,f0d18774f3cb874b22b719b51e39b7b5ccb8132529d3fa6fbd0be6dddc5411a0,RVL_64
usr\bin\rvl\DIAG_SDK_64_ios_release_090822123105\usr\include\make,NGdefs,2008-03-14 14:33:26,3.04KB,e27fcebabe9b01a7924e672a5604ac692988b823e4542ea889f3a4f61b75fe86,RVL_64
usr\bin\rvl\DIAG_SDK_64_ios_release_090822123105\usr\include\make,X86defs,2007-03-20 15:29:08,0.56KB,319b4b1c46677d75f5c25abb8ab341952cfb45a9e79a4e1b670c1e060e1fd228,RVL_64
usr\bin\rvl\DIAG_SDK_64_ios_release_090822123105\usr\include\rvl,addr_map.h,2009-08-22 12:40:30,3.5KB,463503e7a8441def944b60f7cfc6b3eda85fddfd638d3cef50fe0a7405151575,RVL_64
usr\bin\rvl\DIAG_SDK_64_ios_release_090822123105\usr\include\rvl,ahb_fdl_defs.h,2009-08-22 12:40:26,801.31KB,2eb7a79904f4e3fae91717d5f97a8e27b892eaccfe25f08c517380be7deb7b80,RVL_64
usr\bin\rvl\DIAG_SDK_64_ios_release_090822123105\usr\include\rvl,apputils.h,2009-08-22 12:40:26,1.44KB,050d801faf65eb7f648a23602401564bcd3eb78a9dd652b6bde540b3c33801e2,RVL_64
usr\bin\rvl\DIAG_SDK_64_ios_release_090822123105\usr\include\rvl,arm.h,2009-08-22 12:40:26,0.96KB,ec8c5cc688a4c86215de8b664f5b085d4d2f54c4448b59016f9f07f7d10a2640,RVL_64
usr\bin\rvl\DIAG_SDK_64_ios_release_090822123105\usr\include\rvl,asm.h,2009-08-22 12:40:26,0.78KB,927b4a9635863fc5832108bbeda54fcd11e9e306a80e5703a100f43fa056610f,RVL_64
usr\bin\rvl\DIAG_SDK_64_ios_release_090822123105\usr\include\rvl,dol.h,2009-08-22 12:40:26,1.32KB,dcd6d0622899c255adc3d1a25ccc12cc9ec68e9e0d1abdd93996f7dff485fed0,RVL_64
usr\bin\rvl\DIAG_SDK_64_ios_release_090822123105\usr\include\rvl,ee.h,2009-08-22 12:40:26,1.18KB,4fb966f8986a3ea4cff264d5db6cad77e71a94b8ba98e05614e8a813d3a45bc9,RVL_64
usr\bin\rvl\DIAG_SDK_64_ios_release_090822123105\usr\include\rvl,elf.h,2009-08-22 12:40:26,3.43KB,a5277c2b02a561c82a89192ad3bcefe48e723f72762d1c4d2685962011e3664a,RVL_64
usr\bin\rvl\DIAG_SDK_64_ios_release_090822123105\usr\include\rvl,hw.h,2009-08-22 12:40:26,0.57KB,b15e22184cc66bf806c399926206883e52465ba713509cf67dc575ba9cfb9d8b,RVL_64
usr\bin\rvl\DIAG_SDK_64_ios_release_090822123105\usr\include\rvl,iop.h,2009-08-22 12:40:26,13.35KB,fe757225f138730a349f9de3fdce82e6ad014180d63c221c11d7c0a6c73d728a,RVL_64
usr\bin\rvl\DIAG_SDK_64_ios_release_090822123105\usr\include\rvl,ios.h,2009-08-22 12:40:26,5.51KB,3ee8220980a2a29ab6411568e84e5499269c87e2dc0ed4e2253cef15030aa0fd,RVL_64
usr\bin\rvl\DIAG_SDK_64_ios_release_090822123105\usr\include\rvl,iosiobuf.h,2009-08-22 12:40:26,10.93KB,4076a2605e5ebb45f0a465c43e4a77d29531647919cd6f7ac8073a869878d17e,RVL_64
usr\bin\rvl\DIAG_SDK_64_ios_release_090822123105\usr\include\rvl,iosresource.h,2009-08-22 12:40:26,2.01KB,7aa590ab33010bfd85f0ff9bf8f02145d1b0f59efad46647a8203dc4d489f36e,RVL_64
usr\bin\rvl\DIAG_SDK_64_ios_release_090822123105\usr\include\rvl,iostypes.h,2009-08-22 12:40:26,7.95KB,ee12479ac417996a5ba3a3c800dc379026bcd2e0d5c3f202c983cc2fc2883689,RVL_64
usr\bin\rvl\DIAG_SDK_64_ios_release_090822123105\usr\include\rvl,iosusb.h,2009-08-22 12:40:26,2.89KB,71c8f5388b87ec5a2df3fd567de2acce29461cdbe61555814feab7da7d1a64e9,RVL_64
usr\bin\rvl\DIAG_SDK_64_ios_release_090822123105\usr\include\rvl,iosusbtypes.h,2009-08-22 12:40:26,5.99KB,b3ac74ba805e3b1ec536843faa1890a579d785d316e2c33ddedd54f50828c1f6,RVL_64
usr\bin\rvl\DIAG_SDK_64_ios_release_090822123105\usr\include\rvl,io_reg.h,2009-08-22 12:40:26,127.21KB,4baead8400853d1cfab6375505940469f4a79576f061834b0e5ad58bb8e7c0fb,RVL_64
usr\bin\rvl\DIAG_SDK_64_ios_release_090822123105\usr\include\rvl,lomem.h,2009-08-22 12:40:26,3.86KB,22487fee253c814c87268c55ad3efb213e369bbe3bde5f52a2719aa567dc64af,RVL_64
usr\bin\rvl\DIAG_SDK_64_ios_release_090822123105\usr\include\rvl,memmap.h,2009-08-22 12:40:26,1.93KB,6bb8ab42b35bc245d3a16c246997fd842774ce67df3865181ab6f6ac5a612ad1,RVL_64
usr\bin\rvl\DIAG_SDK_64_ios_release_090822123105\usr\include\rvl,mem_reg.h,2009-08-22 12:40:26,77.94KB,bb779c36d38962fdec6b629fa81216d1366010ae635497fe0053c9901bd0f684,RVL_64
usr\bin\rvl\DIAG_SDK_64_ios_release_090822123105\usr\include\rvl,mmu.h,2009-08-22 12:40:26,4.7KB,cf8fc6ffcea5190c749d807b3ddc1fa3d618864ab644af022e972f5b57d5b476,RVL_64
usr\bin\rvl\DIAG_SDK_64_ios_release_090822123105\usr\include\rvl,priority.h,2009-08-22 12:40:26,1.81KB,a6980064d456103c0a78ffe466ece585d6081ce3ac5ed99476bf7694a4447546,RVL_64
usr\bin\rvl\DIAG_SDK_64_ios_release_090822123105\usr\include\rvl,sdi.h,2009-08-22 12:40:26,6.38KB,60577e46208bc4723402e965387370b2425a5abb965ec01c2f7a18bf697532c6,RVL_64
usr\bin\rvl\DIAG_SDK_64_ios_release_090822123105\usr\include\rvl,sdio_api.h,2009-08-22 12:40:26,14.19KB,0277682e8940140bf4e0ab00f17ae64589d467dbd27066564349497ce7ec05c0,RVL_64
usr\bin\rvl\DIAG_SDK_64_ios_release_090822123105\usr\include\rvl,sd_api.h,2009-08-22 12:40:26,4.35KB,f8718185898a18bc05074c34b093b2c551a545667804142f0edebb73c2e2218c,RVL_64
usr\bin\rvl\DIAG_SDK_64_ios_release_090822123105\usr\include\rvl,semihost.h,2009-08-22 12:40:26,1.14KB,9625080c7959b2209922a8921945ce316847be4d2409096c57073c1acd426539,RVL_64
usr\bin\rvl\DIAG_SDK_64_ios_release_090822123105\usr\include\rvl,swi.h,2009-08-22 12:40:26,5.57KB,a0aa8ab8ade2d197e1de3537739c2acdd9c7427d1bddbd3f1901f91a1cab1c9e,RVL_64
usr\bin\rvl\DIAG_SDK_64_ios_release_090822123105\usr\include\rvl,sys.h,2009-08-22 12:40:26,3.19KB,b174ec65c455088cb45846097e40ab8caba88e92b7bea80dbd4449022695d79b,RVL_64
usr\bin\rvl\DIAG_SDK_64_ios_release_090822123105\usr\include\rvl,syscalls,2009-08-22 12:40:26,4.38KB,317fa146daba1c9ee9ced4db9bbafda1920dd0bdeebace4d8ecd19a33c916465,RVL_64
usr\bin\rvl\DIAG_SDK_64_ios_release_090822123105\usr\include\rvl,trace.h,2009-08-22 12:40:26,1.03KB,889dac7fc118502130a16091eb1f5327b54b58e0f0d5f4df50b1a998cc4dccd8,RVL_64
usr\bin\rvl\DIAG_SDK_64_ios_release_090822123105\usr\include\rvl,types.h,2009-08-22 12:40:26,1.11KB,28389c535dc03856a26d95dadea8daefb0d7b40197b715d7ce9f6edf38e289d6,RVL_64
usr\bin\rvl\DIAG_SDK_64_ios_release_090822123105\usr\lib\rvl,crt0.o,2009-08-22 12:40:47,0.81KB,fd26eba73332a6cb296c8bce0fe454e4f882c03dee4b39f53f505148f79dfd0f,RVL_64
usr\bin\rvl\DIAG_SDK_64_ios_release_090822123105\usr\lib\rvl,crt0_noOS.o,2009-08-22 12:40:47,0.88KB,8ea8a9c888c5020749296ea0f4a0ada3e765beaf7c319bdfd4364b1c51ba842a,RVL_64
usr\bin\rvl\DIAG_SDK_64_ios_release_090822123105\usr\lib\rvl,ddr.link,2009-08-22 12:40:47,0.46KB,48d61d66d50a9f3d8b44be20ed6e9edfdb21253608657d7cbc1ba5be666b4b71,RVL_64
usr\bin\rvl\DIAG_SDK_64_ios_release_090822123105\usr\lib\rvl,libapputils.a,2009-08-22 12:40:50,66.72KB,78a1d784be46ba8d72321868f7f4a6f7590050c8f022cd5d098d16b649a7bf5a,RVL_64
usr\bin\rvl\DIAG_SDK_64_ios_release_090822123105\usr\lib\rvl,libboot1_dev.a,2009-08-22 12:41:49,3.48KB,f6922ed5af4a937e9c9b66fe25a3b0b5f3ca2d1f90e1168755a490e17e519f1d,RVL_64
usr\bin\rvl\DIAG_SDK_64_ios_release_090822123105\usr\lib\rvl,libbsl.a,2009-08-22 12:37:32,17.94KB,ce613c5cd70ab5a708e2ed314e16df4dd2ebabc522fa8f3cb40efd01c6dd6b6c,RVL_64
usr\bin\rvl\DIAG_SDK_64_ios_release_090822123105\usr\lib\rvl,libcsl.a,2009-08-22 12:37:33,53.83KB,9ea57a0afd91a143991cd283298c44587ce3022eac130c9c1010e810169ecf4c,RVL_64
usr\bin\rvl\DIAG_SDK_64_ios_release_090822123105\usr\lib\rvl,libcsl_dev.a,2009-08-22 12:37:33,53.76KB,e5c89b3587a85b49561e14813afee493cef90d92718accd190c26a1ff86fdb27,RVL_64
usr\bin\rvl\DIAG_SDK_64_ios_release_090822123105\usr\lib\rvl,libdiagutils.a,2009-08-22 12:40:46,45.66KB,bf4aa2b5a8eddb9aec35aa67f98747d2ab5bf1ed2b7c4f02a4c63e646c819616,RVL_64
usr\bin\rvl\DIAG_SDK_64_ios_release_090822123105\usr\lib\rvl,libee.a,2009-08-22 12:40:47,5.53KB,9ea545a1d9619c129978a0bceabf46e0ce2febcfa0a72442c71f54201659dc45,RVL_64
usr\bin\rvl\DIAG_SDK_64_ios_release_090822123105\usr\lib\rvl,libes.a,2009-08-22 12:37:33,14.37KB,93b3c4b5aab04428038567c16dfb1132ee4c660c04528a053622617156f74fb8,RVL_64
usr\bin\rvl\DIAG_SDK_64_ios_release_090822123105\usr\lib\rvl,libintes.a,2009-08-22 12:37:38,60.98KB,3dfc77730dcedd30e2107b1155b1c93c53057a23f2ec973f1edf4bda705bba0e,RVL_64
usr\bin\rvl\DIAG_SDK_64_ios_release_090822123105\usr\lib\rvl,libintflash.a,2009-08-22 12:37:41,10.38KB,8194825c075331ce2141719e6932f6f96eb4e994a3ce2dbdac4e40e03630dd2c,RVL_64
usr\bin\rvl\DIAG_SDK_64_ios_release_090822123105\usr\lib\rvl,libintfs.a,2009-08-22 12:37:41,34.18KB,c5ab7cf01853224e36908fa1e32fb1a07ceccb13d1e08c81773826a776e71a71,RVL_64
usr\bin\rvl\DIAG_SDK_64_ios_release_090822123105\usr\lib\rvl,libios.a,2009-08-22 12:40:37,9.08KB,281317f8dc8d6ad93df823847440390d65cf0751a95a342745c75ac1d2ec1a60,RVL_64
usr\bin\rvl\DIAG_SDK_64_ios_release_090822123105\usr\lib\rvl,libiosc.a,2009-08-22 12:37:35,3.41KB,8fe967bc4e91180bfc3fc271611380ab8c4e31407ef5bdb00783e0991afbbc99,RVL_64
usr\bin\rvl\DIAG_SDK_64_ios_release_090822123105\usr\lib\rvl,libioslibc.a,2009-08-22 12:37:35,39.33KB,2fc292473f8670492f481c8555807e246c291657da0d6df4d9b02998de54fa83,RVL_64
usr\bin\rvl\DIAG_SDK_64_ios_release_090822123105\usr\lib\rvl,libiossh.a,2009-08-22 12:40:50,6.42KB,6f039e6f6ec255e9c3bedb9efd42a1d810f06478f7b6adba2868a75ebbbc6991,RVL_64
usr\bin\rvl\DIAG_SDK_64_ios_release_090822123105\usr\lib\rvl,libiossyscall.a,2009-08-22 12:42:23,9.08KB,281317f8dc8d6ad93df823847440390d65cf0751a95a342745c75ac1d2ec1a60,RVL_64
usr\bin\rvl\DIAG_SDK_64_ios_release_090822123105\usr\lib\rvl,libisfs.a,2009-08-22 12:37:33,5.72KB,0266568a65548d116a18895e83d378cfb5cef3f7653e9fad727fd215f1ab1933,RVL_64
usr\bin\rvl\DIAG_SDK_64_ios_release_090822123105\usr\lib\rvl,librvldv.a,2009-08-22 12:41:34,1.04KB,64b728f2b66c07e990f5b42871090722fe7d6cf7a09176dfcdee3b6ce19f2f14,RVL_64
usr\bin\rvl\DIAG_SDK_64_ios_release_090822123105\usr\lib\rvl,libsdi.a,2009-08-22 12:40:46,9.78KB,b0f923bc88a89b86b74f3225f95399ca622bc5277075ec1a752ba478b6388dd7,RVL_64
usr\bin\rvl\DIAG_SDK_64_ios_release_090822123105\usr\lib\rvl,libsys.a,2009-08-22 12:40:44,56.65KB,6b9497ff9cdb9999badf6e0ad32dae79fdc96e4ffb981d88f5b7d3a5772744bb,RVL_64
usr\bin\rvl\DIAG_SDK_64_ios_release_090822123105\usr\lib\rvl,libusb.a,2009-08-22 12:41:05,5.38KB,84fac6f4b5a68c89d6ffd5b4e7d24495dbaf47d32076d7184f40adeeca286cbb,RVL_64
usr\bin\rvl\DIAG_SDK_64_ios_release_090822123105\usr\lib\rvl,sdram.link,2009-08-22 12:40:47,0.54KB,3876cde5e8c2f7407c72e9dd004e783a852004620352d8c0822501a0b4a9d70b,RVL_64
usr\bin\rvl\DIAG_SDK_64_ios_release_090822123105\usr\lib\rvl,stdalone.link,2009-08-22 12:40:47,0.54KB,42d1c0690a0bb5fba840a4513513eb0956e90e56ef39cf204a48edc552a7ff20,RVL_64
usr\bin\rvl\DIAG_SDK_64_ios_release_090822123105\usr\src,Makefile,2009-08-22 12:42:23,0.16KB,99cd5402bc515fea7a1c450e00a3a971bb6a8c0c31817b5366820cd38a4cb0fb,RVL_64
usr\bin\rvl\DIAG_SDK_64_ios_release_090822123105\usr\src\apps\common,apputils.c,2009-08-22 12:40:50,4.0KB,0d7e92ca053a9d5c2c539f47b57994a28571a1b54a202f81efef175f9f4eed00,RVL_64
usr\bin\rvl\DIAG_SDK_64_ios_release_090822123105\usr\src\apps\common,apputils.h,2009-08-22 12:40:50,1.44KB,050d801faf65eb7f648a23602401564bcd3eb78a9dd652b6bde540b3c33801e2,RVL_64
usr\bin\rvl\DIAG_SDK_64_ios_release_090822123105\usr\src\apps\common,bindump.c,2009-08-22 12:40:50,1.23KB,de42af681e60bffa603047d8d3335f8fdf18cf1f7f3661faeb41a3426425fead,RVL_64
usr\bin\rvl\DIAG_SDK_64_ios_release_090822123105\usr\src\apps\common,binload.c,2009-08-22 12:40:50,0.96KB,9227c86046218051b95583e0c72119d59986ceb7b461aec08c7bebb5b882cb69,RVL_64
usr\bin\rvl\DIAG_SDK_64_ios_release_090822123105\usr\src\apps\common,cache.c,2009-08-22 12:40:50,12.8KB,2806173c380f358b007726b24382e4d517f2b67951e25c60c7c3dce35c7fbd78,RVL_64
usr\bin\rvl\DIAG_SDK_64_ios_release_090822123105\usr\src\apps\common,cache_lock.s,2009-08-22 12:40:50,4.67KB,087cefd227c42031feca63b9915deb082e85843abda87425c61585e180d9f08e,RVL_64
usr\bin\rvl\DIAG_SDK_64_ios_release_090822123105\usr\src\apps\common,dolload.c,2009-08-22 12:40:50,2.83KB,1c9ccf21bd495d1a24ed24753e6b7f78d7e61876bf3aea2b08c9be239f355f0e,RVL_64
usr\bin\rvl\DIAG_SDK_64_ios_release_090822123105\usr\src\apps\common,elfload.c,2009-08-22 12:40:50,1.88KB,b2dd6b4928e7885b3756153e70d62e46d4a42021798e7445257e7b3998c8aa84,RVL_64
usr\bin\rvl\DIAG_SDK_64_ios_release_090822123105\usr\src\apps\common,flash.c,2009-08-22 12:40:50,41.9KB,717d6ede4b99ea2ea8db4d47e453759a859a523d0f133f5e81f79e40b5aef316,RVL_64
usr\bin\rvl\DIAG_SDK_64_ios_release_090822123105\usr\src\apps\common,fl_ops.c,2009-08-22 12:40:50,95.86KB,0490da85fee48502ab16150ea895f85108e804d250b7843e106b5612c8197c96,RVL_64
usr\bin\rvl\DIAG_SDK_64_ios_release_090822123105\usr\src\apps\common,little2big.c,2009-08-22 12:40:50,0.87KB,2dc36d43aeb94130a7ce635a25d630889037a15f0c1c25bd4690d3ed548bca53,RVL_64
usr\bin\rvl\DIAG_SDK_64_ios_release_090822123105\usr\src\apps\common,Makefile,2009-08-22 12:40:50,0.6KB,d49016b636f5b40ebc552f0c655626d5db371fec80d02864f96360dae36aef73,RVL_64
usr\bin\rvl\DIAG_SDK_64_ios_release_090822123105\usr\src\apps\common,memory.c,2009-08-22 12:40:50,1.58KB,832fe2ad6009da5a4ccf2cbece4851fadc4c33415ed226afd63f7ace9ba11d84,RVL_64
usr\bin\rvl\DIAG_SDK_64_ios_release_090822123105\usr\src\apps\common,minimon_bindump.c,2009-08-22 12:40:50,1.19KB,4e90e8225578caac367ea1a50e088a50cf1623a0a45abda69863cbc0ce589b3b,RVL_64
usr\bin\rvl\DIAG_SDK_64_ios_release_090822123105\usr\src\apps\common,minimon_binload.c,2009-08-22 12:40:50,1.22KB,f561443bab51c8a1f910f41c4c2f4ff19b18a90a978334d6d6b7ef587027d325,RVL_64
usr\bin\rvl\DIAG_SDK_64_ios_release_090822123105\usr\src\apps\common,minimon_elfload.c,2009-08-22 12:40:50,1.52KB,1d36bfd57fbf7917a01487a00ae0ac4b49dd0ddc828b4c7b58347e478e06b1df,RVL_64
usr\bin\rvl\DIAG_SDK_64_ios_release_090822123105\usr\src\apps\common,minimon_hwinit.c,2009-08-22 12:40:50,0.94KB,69f0c81c8f2c48c634d0d444f7b56e4a83907bd24c4f5831894ebdadda88736e,RVL_64
usr\bin\rvl\DIAG_SDK_64_ios_release_090822123105\usr\src\apps\common,minimon_ioprun.c,2009-08-22 12:40:50,0.82KB,6afcb96aebe222b44e277270ff353025ac76cc80b65981b221be42046f406cbe,RVL_64
usr\bin\rvl\DIAG_SDK_64_ios_release_090822123105\usr\src\apps\common,minimon_mem.c,2009-08-22 12:40:50,6.08KB,ae82348c12fb7683db193cb3219c291679175122e00e93cbe1be33821164125c,RVL_64
usr\bin\rvl\DIAG_SDK_64_ios_release_090822123105\usr\src\apps\common,minimon_osrun.c,2009-08-22 12:40:50,0.91KB,c0ba69a586568c7420047fcfec06dcc87233a808f985409fddf8d3e3f95eaf59,RVL_64
usr\bin\rvl\DIAG_SDK_64_ios_release_090822123105\usr\src\apps\common,mmu.c,2009-08-22 12:40:50,2.93KB,e6199d4dc7dfc31d3827d96195b6dfbf432c8aa3484b7901a2647c48177c35e7,RVL_64
usr\bin\rvl\DIAG_SDK_64_ios_release_090822123105\usr\src\apps\common,mmu1.s,2009-08-22 12:40:50,10.95KB,888336ee92b29301915214ca63c2fead7740a9c8970491ccdce4efab6e34a997,RVL_64
usr\bin\rvl\DIAG_SDK_64_ios_release_090822123105\usr\src\apps\common,mmu2.c,2009-08-22 12:40:50,6.14KB,e9a9045c1438ff46191e7472715c884e86c059eed4c99018bffcfb82b16c832d,RVL_64
usr\bin\rvl\DIAG_SDK_64_ios_release_090822123105\usr\src\apps\common,ppcboot.c,2009-08-22 12:40:50,2.48KB,e777c9103c6127b1d61a0527de4ff1c57b0b80184e07f376d90968a58f214cb2,RVL_64
usr\bin\rvl\DIAG_SDK_64_ios_release_090822123105\usr\src\apps\eemon,eemon.c,2009-08-22 12:40:51,16.77KB,4776f4d5b9b24cff629ab534598bee6ae7f7c4993346afd918cd8447a3428f52,RVL_64
usr\bin\rvl\DIAG_SDK_64_ios_release_090822123105\usr\src\apps\eemon,Makefile,2009-08-22 12:40:51,0.54KB,30d272cf863aa56593a85c2dac01697aeae1fa484912ea8b75213e05d6672ff6,RVL_64
usr\bin\rvl\DIAG_SDK_64_ios_release_090822123105\usr\src\apps\minimon0_sram,init.s,2009-08-22 12:40:50,1.81KB,6254bbce1fee6ae2ed7ed6c7d9caaf7d46b38c1a9f7d557525fef703593fec06,RVL_64
usr\bin\rvl\DIAG_SDK_64_ios_release_090822123105\usr\src\apps\minimon0_sram,linker.dat,2009-08-22 12:40:50,0.73KB,f3c2cf323282fedb6a8d7dcd6b3aca09ee258b111fab230008d02626fc9af2e9,RVL_64
usr\bin\rvl\DIAG_SDK_64_ios_release_090822123105\usr\src\apps\minimon0_sram,Makefile,2009-08-22 12:40:50,0.82KB,76499d682554df108ba69f487166c086440f5856ebf0d96fbb08ba16b736dda3,RVL_64
usr\bin\rvl\DIAG_SDK_64_ios_release_090822123105\usr\src\apps\minimon0_sram,minimon0.c,2009-08-22 12:40:50,4.3KB,6cdb738a75d805615cb476b6ce2a7571aad32feac558d8381536def8cd88211f,RVL_64
usr\bin\rvl\DIAG_SDK_64_ios_release_090822123105\usr\src\apps\minimon0_sram,minimon0.h,2009-08-22 12:40:50,2.88KB,34cb4ab6503d2939f4b0135d4a463a1a8c170b50ee90839348c7aae107d8dbae,RVL_64
usr\bin\rvl\DIAG_SDK_64_ios_release_090822123105\usr\src\boot\boot1.diag,boot1_dev.c,2009-08-22 12:41:49,30.02KB,f9eac4f1dd76eeadd49ab728e9cfa257bef1bb2d528b570488101cc56494ed41,RVL_64
usr\bin\rvl\DIAG_SDK_64_ios_release_090822123105\usr\src\boot\boot1.diag,boot1_dev.h,2009-08-22 12:41:49,6.34KB,c3942c7eff903aee10290a7839dc150138d670a3d7b0c4d7e204d5304e703fa9,RVL_64
usr\bin\rvl\DIAG_SDK_64_ios_release_090822123105\usr\src\boot\boot1.diag,boot1_ppcboot.c,2009-08-22 12:41:49,17.45KB,c8fcf430649c47425748aabcac7ec32273b029c822eaf7e4dbf592689fa057ff,RVL_64
usr\bin\rvl\DIAG_SDK_64_ios_release_090822123105\usr\src\boot\boot1.diag,boot1_ppcboot.h,2009-08-22 12:41:49,1.98KB,7beef9cc1364aa86a8da2efe5c76a4e7c59a20c57e287f93af9d007eee7ecadd,RVL_64
usr\bin\rvl\DIAG_SDK_64_ios_release_090822123105\usr\src\boot\boot1.diag,boot1_sram1.s,2009-08-22 12:41:49,2.56KB,4649971a1169555de1c7bff7cf00fad00f391cb969a6d01e2d616e7b384cb05d,RVL_64
usr\bin\rvl\DIAG_SDK_64_ios_release_090822123105\usr\src\boot\boot1.diag,init.s,2009-08-22 12:41:49,1.55KB,ca5ad048a37c3fda530516ee8552fb9b554414965959d99856f9600b54453c07,RVL_64
usr\bin\rvl\DIAG_SDK_64_ios_release_090822123105\usr\src\boot\boot1.diag,Makefile,2009-08-22 12:41:49,2.78KB,095b1edec9451521adf50b6034abd3f0ab51caed4360412d04e16f5b9209d6fd,RVL_64
usr\bin\rvl\DIAG_SDK_64_ios_release_090822123105\usr\src\lib\ee,ee_basic.c,2009-08-22 12:40:47,11.62KB,424f108af01f1d44cbe16af9db7ebba756e00f6adc71f6bcf40933ee8f929e9d,RVL_64
usr\bin\rvl\DIAG_SDK_64_ios_release_090822123105\usr\src\lib\ee,Makefile,2009-08-22 12:40:47,0.38KB,7088139031048f05fc1b2af9fbf08b6c205b52c987cac27575f6d1779d98dc2a,RVL_64
usr\bin\rvl\DIAG_SDK_64_ios_release_090822123105\usr\src\lib\sys,ahb.c,2009-08-22 12:40:44,10.93KB,ad0ef7c2d13848d6508f990308c13eac9f6fe91b079ffe8c8ef839b2e1a2e6bc,RVL_64
usr\bin\rvl\DIAG_SDK_64_ios_release_090822123105\usr\src\lib\sys,aram_emu.c,2009-08-22 12:40:44,0.8KB,6c8c546d22410973fbd3e4ce9459c8720734701db4abdfcfb81837ab97aecd6e,RVL_64
usr\bin\rvl\DIAG_SDK_64_ios_release_090822123105\usr\src\lib\sys,boot_ppc.c,2009-08-22 12:40:44,7.34KB,dbd9edcd30859c5f36d7c289407d93469f1ed2bdccad30068a8408b8f50f5a32,RVL_64
usr\bin\rvl\DIAG_SDK_64_ios_release_090822123105\usr\src\lib\sys,cache_lock.s,2009-08-22 12:40:44,2.12KB,6521c2e5f0975295af105f284f089bcc7e6f93636bba6617299536593bc17930,RVL_64
usr\bin\rvl\DIAG_SDK_64_ios_release_090822123105\usr\src\lib\sys,compat_reset.c,2009-08-22 12:40:44,1.75KB,bcd9ba26b8f06c9efeb14f31640e86e4e893fd039c734509f3bb9afe7dead98c,RVL_64
usr\bin\rvl\DIAG_SDK_64_ios_release_090822123105\usr\src\lib\sys,ddr.h,2009-08-22 12:40:44,5.19KB,84581a7348469b8ed9e01335bb4d763c57a60ee1a3944a342f0454f6283b042e,RVL_64
usr\bin\rvl\DIAG_SDK_64_ios_release_090822123105\usr\src\lib\sys,ddr_accessctrl.c,2009-08-22 12:40:44,1.39KB,b0ed970cb14c67e38cf9c733169cf0db1c7e395b7fe82d739555f43c18037d00,RVL_64
usr\bin\rvl\DIAG_SDK_64_ios_release_090822123105\usr\src\lib\sys,ddr_memctrl.c,2009-08-22 12:40:44,1.04KB,a3c9b391799f375b18339aa1125775d96992ab6ad97e494d7aa9ce9247d9107a,RVL_64
usr\bin\rvl\DIAG_SDK_64_ios_release_090822123105\usr\src\lib\sys,ddr_memctrl_fg.c,2009-08-22 12:40:44,3.62KB,66eb829d4e4673c1a7c7fbf80738b427a9bf36faff2dfcb507125408f686a036,RVL_64
usr\bin\rvl\DIAG_SDK_64_ios_release_090822123105\usr\src\lib\sys,distraps.c,2009-08-22 12:40:44,1.39KB,6ad16dc417993f3b86907020e1ae495bb2ec548b49e4f583fce027242dcdd0ed,RVL_64
usr\bin\rvl\DIAG_SDK_64_ios_release_090822123105\usr\src\lib\sys,enableICache.s,2009-08-22 12:40:44,1.61KB,6c3a863f14829703d05fb7f05939bd7ca8a3c7d601a6ff5f430c857b9ed4e83f,RVL_64
usr\bin\rvl\DIAG_SDK_64_ios_release_090822123105\usr\src\lib\sys,enable_ahbblocks.c,2009-08-22 12:40:44,1.15KB,554b140191eef2c5da3606dddacb055d6aa94e1a1832200938825f72e5dd3eb2,RVL_64
usr\bin\rvl\DIAG_SDK_64_ios_release_090822123105\usr\src\lib\sys,enable_chipblocks.c,2009-08-22 12:40:44,2.01KB,4bc3a1416a7f01d94d0bc2556b8275bec0b2853f2bcbdce127c59fa60690d857,RVL_64
usr\bin\rvl\DIAG_SDK_64_ios_release_090822123105\usr\src\lib\sys,enable_legacyblocks.c,2009-08-22 12:40:44,0.96KB,e492c6d1ece3ac483e09a9852237d3830c5bb0eeb333ac41ebdf2561bdfef0e4,RVL_64
usr\bin\rvl\DIAG_SDK_64_ios_release_090822123105\usr\src\lib\sys,get_chipid.c,2009-08-22 12:40:44,0.27KB,76be0380a338837fe7b7b9535c9658a492d5102922a97c66a5356641b5793fc7,RVL_64
usr\bin\rvl\DIAG_SDK_64_ios_release_090822123105\usr\src\lib\sys,get_rsvdsram_start.c,2009-08-22 12:40:44,0.42KB,0b3bc2b1a008206accc92a76996dd7c4525cc467f950b3ee262b707db3250431,RVL_64
usr\bin\rvl\DIAG_SDK_64_ios_release_090822123105\usr\src\lib\sys,get_sysclk.c,2009-08-22 12:40:44,1.39KB,adac8bfd41266087b21a0af7a63c1288701e35dc4ff72f2cd4d87a93d921663a,RVL_64
usr\bin\rvl\DIAG_SDK_64_ios_release_090822123105\usr\src\lib\sys,gpio.c,2009-08-22 12:40:44,4.38KB,fcd8213a941098dbff109a356f54f364e5b935312f9ca09878fe3676b02bb9f7,RVL_64
usr\bin\rvl\DIAG_SDK_64_ios_release_090822123105\usr\src\lib\sys,hwfixes.c,2009-08-22 12:40:44,1.22KB,5da833057b1ccd1b75ba5d5161e4134c9292fd2117523242873aa4f5a822fbee,RVL_64
usr\bin\rvl\DIAG_SDK_64_ios_release_090822123105\usr\src\lib\sys,init_aipll.c,2009-08-22 12:40:44,4.42KB,dacd1d3147397dabfa369f311dee0ffb87b1de69b408b4ec903e4c878e196023,RVL_64
usr\bin\rvl\DIAG_SDK_64_ios_release_090822123105\usr\src\lib\sys,init_aram.c,2009-08-22 12:40:44,2.07KB,0c928d0fcb6f14d441d48b8636074b7ecf40c5ecdca5cd921f31eb4b3a8bda89,RVL_64
usr\bin\rvl\DIAG_SDK_64_ios_release_090822123105\usr\src\lib\sys,init_chip.c,2009-08-22 12:40:44,0.65KB,94a0e724175578af7db2579b0990767a4562dff3bc519d14c48618a3c5e47b10,RVL_64
usr\bin\rvl\DIAG_SDK_64_ios_release_090822123105\usr\src\lib\sys,init_compat.c,2009-08-22 12:40:44,5.37KB,062ef0b8022a197c380121ce75e17fb7cbfbc2b5f59e2d6393746249f0a7b930,RVL_64
usr\bin\rvl\DIAG_SDK_64_ios_release_090822123105\usr\src\lib\sys,init_ios.c,2009-08-22 12:40:44,1.97KB,81110c6bd971ba846dbf6df60fe67cdaffbdbf3263ebada70fc8ca41361f46e1,RVL_64
usr\bin\rvl\DIAG_SDK_64_ios_release_090822123105\usr\src\lib\sys,init_lomem.c,2009-08-22 12:40:44,0.85KB,c6446bfdd9f8ed0a1b2a810302df394526441306f22f55dec7d0e59656c463f6,RVL_64
usr\bin\rvl\DIAG_SDK_64_ios_release_090822123105\usr\src\lib\sys,init_lomem_common.c,2009-08-22 12:40:44,2.57KB,c4ea7181aeea0eab9342bfe45c19ac706cd2d1ae28408c4825ec0a80e7585314,RVL_64
usr\bin\rvl\DIAG_SDK_64_ios_release_090822123105\usr\src\lib\sys,init_lomem_int.c,2009-08-22 12:40:44,0.98KB,bdea61e73973b9433a7bf4d8d8ae205dc3f45be8a278d6933c6a7fee8c88cb07,RVL_64
usr\bin\rvl\DIAG_SDK_64_ios_release_090822123105\usr\src\lib\sys,init_mem.c,2009-08-22 12:40:44,28.25KB,d0f2d5d9c8eae917aeb4e90dd6f71c1c3ea624953c66927d6db877365a45f9d6,RVL_64
usr\bin\rvl\DIAG_SDK_64_ios_release_090822123105\usr\src\lib\sys,init_sec.c,2009-08-22 12:40:44,0.54KB,a79083cb723df442768d76198d6976a6dfc35786614a4c5919401a8d07c4fd60,RVL_64
usr\bin\rvl\DIAG_SDK_64_ios_release_090822123105\usr\src\lib\sys,init_sysmode.c,2009-08-22 12:40:44,0.34KB,10522dd1ac9c8942c19c15dc9176c4b69b4814d595b24626c62f50dcb3587fea,RVL_64
usr\bin\rvl\DIAG_SDK_64_ios_release_090822123105\usr\src\lib\sys,init_usb.c,2009-08-22 12:40:44,2.51KB,3f72130f33c6df048f668b2dcefbc91e951ba090a5b20c95e0820d128482fc14,RVL_64
usr\bin\rvl\DIAG_SDK_64_ios_release_090822123105\usr\src\lib\sys,init_usbphy.c,2009-08-22 12:40:44,1.76KB,42b26c9bcf189012428395d04fadd98b45ef47e3dd827e5f21656c2307a5df3b,RVL_64
usr\bin\rvl\DIAG_SDK_64_ios_release_090822123105\usr\src\lib\sys,init_usbpll.c,2009-08-22 12:40:44,1.02KB,00b96984ff21dd7633de95bd9ee648717ebfeafcf7681d64a9751ddfca9ea480,RVL_64
usr\bin\rvl\DIAG_SDK_64_ios_release_090822123105\usr\src\lib\sys,init_usb_ati.c,2009-08-22 12:40:44,3.35KB,79c8c37d10488311745d2936785563603e98436c2169ec60869c7e3378235be6,RVL_64
usr\bin\rvl\DIAG_SDK_64_ios_release_090822123105\usr\src\lib\sys,init_vipll.c,2009-08-22 12:40:44,1.26KB,ff32791f8733c6ee7348801246f55436ccba0fe81b7f99a9274cf081e1e6b5c9,RVL_64
usr\bin\rvl\DIAG_SDK_64_ios_release_090822123105\usr\src\lib\sys,invaliICache.s,2009-08-22 12:40:44,1.01KB,a239f59cb55f630d137963f941f9366ac02855336d0fe323adc05bb827c5a405,RVL_64
usr\bin\rvl\DIAG_SDK_64_ios_release_090822123105\usr\src\lib\sys,Makefile,2009-08-22 12:40:44,1.39KB,ed94951b6fb0249f3afaf9dcad7ec59ae29ae6c0adf8388a42d56e7085b79277,RVL_64
usr\bin\rvl\DIAG_SDK_64_ios_release_090822123105\usr\src\lib\sys,mem.c,2009-08-22 12:40:44,1.46KB,a8b8c5a5e4d38bbe359e2c952a4b7bc7050ee82d2a7b0ca196d7f4cfa41208d9,RVL_64
usr\bin\rvl\DIAG_SDK_64_ios_release_090822123105\usr\src\lib\sys,osversion.c,2009-08-22 12:40:44,0.93KB,5867d41cd847bb5753672e6ce01774ce44446d4e56b4ed63894e9fd97340bc55,RVL_64
usr\bin\rvl\DIAG_SDK_64_ios_release_090822123105\usr\src\lib\sys,refresh_napa.c,2009-08-22 12:40:44,0.22KB,ad57b6b92ed81a9e7a467d757f96bcb7f9964bb13591f14fdab313a987a2e9c3,RVL_64
usr\bin\rvl\DIAG_SDK_64_ios_release_090822123105\usr\src\lib\sys,refresh_napa1.c,2009-08-22 12:40:44,0.56KB,38b0ea7f4b28ec4d511eb2eed0ad1794f9261e0aa091146e00a91c2e4ccd6c8b,RVL_64
usr\bin\rvl\DIAG_SDK_64_ios_release_090822123105\usr\src\lib\sys,regrdwr.c,2009-08-22 12:40:44,1.55KB,643bab81b1eeccf252ab9bf67a9ffbb2688dba8af6285f3d8fe863102c8d9984,RVL_64
usr\bin\rvl\DIAG_SDK_64_ios_release_090822123105\usr\src\lib\sys,reset.c,2009-08-22 12:40:44,0.43KB,9c0fedd3658a63f882bea4bc7aea50cf4ece84394d5218bf5813514c401366f8,RVL_64
usr\bin\rvl\DIAG_SDK_64_ios_release_090822123105\usr\src\lib\sys,reset_ahbblocks.c,2009-08-22 12:40:44,1.04KB,9a9f9aeb67edb511e403dc8767c0c04627e5e12f036e2e1c62b8bbdd0bf8fd56,RVL_64
usr\bin\rvl\DIAG_SDK_64_ios_release_090822123105\usr\src\lib\sys,reset_legacyblocks.c,2009-08-22 12:40:44,0.91KB,79aa5a6719edf579f6c83e928748e371850a1e715e56210d6155699bb9843c77,RVL_64
usr\bin\rvl\DIAG_SDK_64_ios_release_090822123105\usr\src\lib\sys,setup_exiboot.c,2009-08-22 12:40:44,3.96KB,fefcec4332653e6a8781a7a4c4ae6c4e7e6edaa9e9c1853207333ba44cb57acf,RVL_64
usr\bin\rvl\DIAG_SDK_64_ios_release_090822123105\usr\src\lib\sys,set_ahbiopi.c,2009-08-22 12:40:44,0.72KB,ec2189d0ddcac4cd6616fab6e8326bda822736ebc2202dd13ee3a42692a94719,RVL_64
usr\bin\rvl\DIAG_SDK_64_ios_release_090822123105\usr\src\lib\sys,set_ppcacrperms.c,2009-08-22 12:40:44,2.04KB,a34eab3673af1d16d0f63acd426cd13339b13d246071794011c05de30f78c9ae,RVL_64
usr\bin\rvl\DIAG_SDK_64_ios_release_090822123105\usr\src\lib\sys,set_rgb.c,2009-08-22 12:40:44,5.33KB,fbef65827e9ba2ef0389f34939a6c3f11e185f8de33e0ecdb847c5a4f8495986,RVL_64
usr\bin\rvl\DIAG_SDK_64_ios_release_090822123105\usr\src\lib\sys,set_ss.c,2009-08-22 12:40:44,4.49KB,a9b6e8abd8949757cf8adf1e1656510f8abc328110e09866df2fa70a74d61273,RVL_64
usr\bin\rvl\DIAG_SDK_64_ios_release_090822123105\usr\src\lib\sys,sys_int.h,2009-08-22 12:40:44,3.89KB,232cb418c54f352e4519811a207f84a604558048b08627ce2d0d25ef6d138fac,RVL_64
usr\bin\rvl\DIAG_SDK_64_ios_release_090822123105\usr\src\lib\sys,udelay.c,2009-08-22 12:40:44,0.91KB,cc3868685eb8cee37381a8275431bc24b69d4c7f5e9b501eda558eef19e4351a,RVL_64
usr\bin\rvl\DIAG_SDK_64_ios_release_090822123105\usr\src\lib\sys,us_to_ticks.c,2009-08-22 12:40:44,1.06KB,69bb5030229c7a3cc9b1b69164e2f60a03dbefdd1160d396c7892bc8224b6a50,RVL_64
usr\bin\rvl\DIAG_SDK_64_ios_release_090822123105\usr\src\lib\sys,wrk_around.c,2009-08-22 12:40:44,3.67KB,2a1764965985ad0feda759286811e847b9dbc2e4238bb5edfff388bfaf603244,RVL_64
usr\bin\rvl\DIAG_SDK_64_ios_release_090822123105\usr\src\signum,iosshell.mac,2009-08-22 12:41:58,0.14KB,e08a450378d967da7e32af5686249ea6a5deb0002cc773800b95420f73b63f78,RVL_64
usr\bin\rvl\DIAG_SDK_64_ios_release_090822123105\usr\src\signum,Makefile,2009-08-22 12:41:58,0.9KB,06fa4f4fd04dbd82acbfdb1f05e372745f43e24634f7322f16edacf9f7a52d61,RVL_64
usr\bin\rvl\DIAG_SDK_64_ios_release_090822123105\usr\src\signum,minimon0.mac,2009-08-22 12:41:58,0.23KB,e0babddd0b4ffa056dd894f052cb3ad5e0ade08c927c8fb7fca468cb61a64214,RVL_64
usr\bin\rvl\DIAG_SDK_64_ios_release_090822123105\usr\src\signum,rvl_board.cfg,2009-08-22 12:41:58,0.16KB,fb1dff4f2337f89975d57ac45cd80c483ca6e3fd22f3145e813162173a6651f7,RVL_64
usr\bin\rvl\DIAG_SDK_64_ios_release_090822123105\usr\src\signum,rvl_iop.cfg,2009-08-22 12:41:58,0.12KB,749122452b16379a90a9e210483255461d9bdf1e44708dadd9292477cd40987e,RVL_64
usr\bin\rvl\DIAG_SDK_64_ios_release_090822123105\usr\src\signum,rvl_iop.def,2009-08-22 12:41:58,148.33KB,fdb09573978988610a50ea449aaa486156d39919090c0415a74dcbdcbaf52fb6,RVL_64
usr\bin\rvl\DIAG_SDK_64_ios_release_090822123105\usr\src\signum,rvl_iop.mac,2009-08-22 12:41:58,1.95KB,7d85b2ad413dc01a9c3abd7fe978ac6d7163f3de721e33fcf41e868f8b656bf2,RVL_64
usr\bin\rvl\IOS_SDK_64_ios_release_090822123105,install.sh,2009-08-22 12:42:23,0.48KB,6567355b7e06a433e9056f409a9e5640b20f37eddaa463637b72fb5b56891cc8,RVL_64
usr\bin\rvl\IOS_SDK_64_ios_release_090822123105\usr\include,iosc.h,2009-08-22 12:37:17,4.43KB,44100e9cdb5637398f4eaa5501b11530a187736eeb57f6d1e9583b805f4baeea,RVL_64
usr\bin\rvl\IOS_SDK_64_ios_release_090822123105\usr\include,iosctypes.h,2009-08-22 12:37:17,4.41KB,fe7b071ce85474c98c6543ec6ecf41139c13a3638dae3f03f629d5dfad9463aa,RVL_64
usr\bin\rvl\IOS_SDK_64_ios_release_090822123105\usr\include,ioslibc.h,2009-08-22 12:37:17,3.16KB,5c960aa6bb57ca5cb63f6c8b8aea87c03e5ed7a7d8c96d9d21b90137acaa0b5d,RVL_64
usr\bin\rvl\IOS_SDK_64_ios_release_090822123105\usr\include\make,commondefs,2009-03-23 17:07:53,10.61KB,79432cc57dc220a5ac3f87766ec814aa225f1f7a7c0ce85178d06c6b04506c7e,RVL_64
usr\bin\rvl\IOS_SDK_64_ios_release_090822123105\usr\include\make,commonrules,2006-05-08 15:39:08,4.38KB,54831fb6171581922e7d42dd83f6cec1df4a1e168e40c35955882946009db3b0,RVL_64
usr\bin\rvl\IOS_SDK_64_ios_release_090822123105\usr\include\make,dummyrules,2005-11-30 15:15:49,0.22KB,c00c473fc108af14bf8aa11a506a07a24a267d3b5f575038b9ca27aa8dac49dd,RVL_64
usr\bin\rvl\IOS_SDK_64_ios_release_090822123105\usr\include\make,NGaddrs,2009-04-03 19:00:25,9.27KB,e97dc028be6f3ab79d52f9ac2f10a4a057c0393cc749e14476136f577ea3fb24,RVL_64
usr\bin\rvl\IOS_SDK_64_ios_release_090822123105\usr\include\make,NGaddrs_8M,2007-07-20 15:18:30,9.33KB,32957c6b11a29a3f1410d9547b4b2e3d6b2d35a9c6a110b270557c486fd303fc,RVL_64
usr\bin\rvl\IOS_SDK_64_ios_release_090822123105\usr\include\make,NGaddrs_debug,2009-04-03 19:00:25,9.27KB,e02bc172b8c9bc565e8c676507ef0b08e2fcf25e927fdb253a7c894f043f0d61,RVL_64
usr\bin\rvl\IOS_SDK_64_ios_release_090822123105\usr\include\make,NGaddrs_debug_8M,2007-07-20 15:18:30,9.33KB,f0d18774f3cb874b22b719b51e39b7b5ccb8132529d3fa6fbd0be6dddc5411a0,RVL_64
usr\bin\rvl\IOS_SDK_64_ios_release_090822123105\usr\include\make,NGdefs,2008-03-14 14:33:26,3.04KB,e27fcebabe9b01a7924e672a5604ac692988b823e4542ea889f3a4f61b75fe86,RVL_64
usr\bin\rvl\IOS_SDK_64_ios_release_090822123105\usr\include\make,X86defs,2007-03-20 15:29:08,0.56KB,319b4b1c46677d75f5c25abb8ab341952cfb45a9e79a4e1b670c1e060e1fd228,RVL_64
usr\bin\rvl\IOS_SDK_64_ios_release_090822123105\usr\include\rvl,addr_map.h,2009-08-22 12:40:30,3.5KB,463503e7a8441def944b60f7cfc6b3eda85fddfd638d3cef50fe0a7405151575,RVL_64
usr\bin\rvl\IOS_SDK_64_ios_release_090822123105\usr\include\rvl,ahb_fdl_defs.h,2009-08-22 12:40:26,801.31KB,2eb7a79904f4e3fae91717d5f97a8e27b892eaccfe25f08c517380be7deb7b80,RVL_64
usr\bin\rvl\IOS_SDK_64_ios_release_090822123105\usr\include\rvl,apputils.h,2009-08-22 12:40:26,1.44KB,050d801faf65eb7f648a23602401564bcd3eb78a9dd652b6bde540b3c33801e2,RVL_64
usr\bin\rvl\IOS_SDK_64_ios_release_090822123105\usr\include\rvl,arm.h,2009-08-22 12:40:26,0.96KB,ec8c5cc688a4c86215de8b664f5b085d4d2f54c4448b59016f9f07f7d10a2640,RVL_64
usr\bin\rvl\IOS_SDK_64_ios_release_090822123105\usr\include\rvl,asm.h,2009-08-22 12:40:26,0.78KB,927b4a9635863fc5832108bbeda54fcd11e9e306a80e5703a100f43fa056610f,RVL_64
usr\bin\rvl\IOS_SDK_64_ios_release_090822123105\usr\include\rvl,hw.h,2009-08-22 12:40:26,0.57KB,b15e22184cc66bf806c399926206883e52465ba713509cf67dc575ba9cfb9d8b,RVL_64
usr\bin\rvl\IOS_SDK_64_ios_release_090822123105\usr\include\rvl,iop.h,2009-08-22 12:40:26,13.35KB,fe757225f138730a349f9de3fdce82e6ad014180d63c221c11d7c0a6c73d728a,RVL_64
usr\bin\rvl\IOS_SDK_64_ios_release_090822123105\usr\include\rvl,iop_ethtool.h,2009-08-22 12:40:26,1.77KB,cb9c5f1fba92eec1ffcb50422c1c84da9fdd6a9612525220119199a3e42bad5c,RVL_64
usr\bin\rvl\IOS_SDK_64_ios_release_090822123105\usr\include\rvl,iop_icmp.h,2009-08-22 12:40:26,0.79KB,68cd999dfc4610b058cff6b36ad7bab86684542aa4b027dda4c03b04b2c98fd1,RVL_64
usr\bin\rvl\IOS_SDK_64_ios_release_090822123105\usr\include\rvl,iop_ip.h,2009-08-22 12:40:26,1.37KB,c844483f898b00de52c1ad6b8576e4ee582e4215269e6426691f6cea184b34cd,RVL_64
usr\bin\rvl\IOS_SDK_64_ios_release_090822123105\usr\include\rvl,iop_ip6.h,2009-08-22 12:40:26,1.25KB,3d171a91d91db1a616005cd19394c3188058f2618f5b682cd614f8100b6c2784,RVL_64
usr\bin\rvl\IOS_SDK_64_ios_release_090822123105\usr\include\rvl,iop_ipdns.h,2009-08-22 12:40:26,2.01KB,6e42bac76750ff5feb7ed770558a614c1cdb55ba27ffb6bf59687368defe4297,RVL_64
usr\bin\rvl\IOS_SDK_64_ios_release_090822123105\usr\include\rvl,iop_netif.h,2009-08-22 12:40:26,6.61KB,e7745be3bab4f1091a71c5df300a869a91b16f7c72d37625cc285ba864810554,RVL_64
usr\bin\rvl\IOS_SDK_64_ios_release_090822123105\usr\include\rvl,iop_os.h,2009-08-22 12:40:26,0.81KB,955f077d436f06c2485289e04d507f93aae9b227024e0e6daaabd5762e98bdc5,RVL_64
usr\bin\rvl\IOS_SDK_64_ios_release_090822123105\usr\include\rvl,iop_resolver.h,2009-08-22 12:40:26,1.38KB,d259b86b0fd6f0010396bb023f2a0a7724d565296f927ee68234cdd2eb782044,RVL_64
usr\bin\rvl\IOS_SDK_64_ios_release_090822123105\usr\include\rvl,iop_sock.h,2009-08-22 12:40:26,4.76KB,06c117a4672d6df0661487554a9c79f03086f0f9c602c9695f894652939f144f,RVL_64
usr\bin\rvl\IOS_SDK_64_ios_release_090822123105\usr\include\rvl,iop_types.h,2009-08-22 12:40:26,1.31KB,d640e8f70a21ab0b5770544299584e3d38a6e8bb7df998ee90fe085b5968fea5,RVL_64
usr\bin\rvl\IOS_SDK_64_ios_release_090822123105\usr\include\rvl,ios.h,2009-08-22 12:40:26,5.51KB,3ee8220980a2a29ab6411568e84e5499269c87e2dc0ed4e2253cef15030aa0fd,RVL_64
usr\bin\rvl\IOS_SDK_64_ios_release_090822123105\usr\include\rvl,iosiobuf.h,2009-08-22 12:40:26,10.93KB,4076a2605e5ebb45f0a465c43e4a77d29531647919cd6f7ac8073a869878d17e,RVL_64
usr\bin\rvl\IOS_SDK_64_ios_release_090822123105\usr\include\rvl,iosresource.h,2009-08-22 12:40:26,2.01KB,7aa590ab33010bfd85f0ff9bf8f02145d1b0f59efad46647a8203dc4d489f36e,RVL_64
usr\bin\rvl\IOS_SDK_64_ios_release_090822123105\usr\include\rvl,iostypes.h,2009-08-22 12:40:26,7.95KB,ee12479ac417996a5ba3a3c800dc379026bcd2e0d5c3f202c983cc2fc2883689,RVL_64
usr\bin\rvl\IOS_SDK_64_ios_release_090822123105\usr\include\rvl,iosusb.h,2009-08-22 12:40:26,2.89KB,71c8f5388b87ec5a2df3fd567de2acce29461cdbe61555814feab7da7d1a64e9,RVL_64
usr\bin\rvl\IOS_SDK_64_ios_release_090822123105\usr\include\rvl,iosusbtypes.h,2009-08-22 12:40:26,5.99KB,b3ac74ba805e3b1ec536843faa1890a579d785d316e2c33ddedd54f50828c1f6,RVL_64
usr\bin\rvl\IOS_SDK_64_ios_release_090822123105\usr\include\rvl,io_reg.h,2009-08-22 12:40:26,127.21KB,4baead8400853d1cfab6375505940469f4a79576f061834b0e5ad58bb8e7c0fb,RVL_64
usr\bin\rvl\IOS_SDK_64_ios_release_090822123105\usr\include\rvl,lomem.h,2009-08-22 12:40:26,3.86KB,22487fee253c814c87268c55ad3efb213e369bbe3bde5f52a2719aa567dc64af,RVL_64
usr\bin\rvl\IOS_SDK_64_ios_release_090822123105\usr\include\rvl,memmap.h,2009-08-22 12:40:26,1.93KB,6bb8ab42b35bc245d3a16c246997fd842774ce67df3865181ab6f6ac5a612ad1,RVL_64
usr\bin\rvl\IOS_SDK_64_ios_release_090822123105\usr\include\rvl,mem_reg.h,2009-08-22 12:40:26,77.94KB,bb779c36d38962fdec6b629fa81216d1366010ae635497fe0053c9901bd0f684,RVL_64
usr\bin\rvl\IOS_SDK_64_ios_release_090822123105\usr\include\rvl,mmu.h,2009-08-22 12:40:26,4.7KB,cf8fc6ffcea5190c749d807b3ddc1fa3d618864ab644af022e972f5b57d5b476,RVL_64
usr\bin\rvl\IOS_SDK_64_ios_release_090822123105\usr\include\rvl,priority.h,2009-08-22 12:40:26,1.81KB,a6980064d456103c0a78ffe466ece585d6081ce3ac5ed99476bf7694a4447546,RVL_64
usr\bin\rvl\IOS_SDK_64_ios_release_090822123105\usr\include\rvl,rpc.h,2009-08-22 12:40:26,1.05KB,01c784720884a3104a3c9f6adf901385f3ad501f1f5824cc2681f3f1ebce0f84,RVL_64
usr\bin\rvl\IOS_SDK_64_ios_release_090822123105\usr\include\rvl,sdio_api.h,2009-08-22 12:40:26,14.19KB,0277682e8940140bf4e0ab00f17ae64589d467dbd27066564349497ce7ec05c0,RVL_64
usr\bin\rvl\IOS_SDK_64_ios_release_090822123105\usr\include\rvl,sd_api.h,2009-08-22 12:40:26,4.35KB,f8718185898a18bc05074c34b093b2c551a545667804142f0edebb73c2e2218c,RVL_64
usr\bin\rvl\IOS_SDK_64_ios_release_090822123105\usr\include\rvl,semihost.h,2009-08-22 12:40:26,1.14KB,9625080c7959b2209922a8921945ce316847be4d2409096c57073c1acd426539,RVL_64
usr\bin\rvl\IOS_SDK_64_ios_release_090822123105\usr\include\rvl,socket.h,2009-08-22 12:40:26,25.01KB,8473c52a6dd878b5fc1c988726d40a0d231e1b151b807d1c8b27af67f618c990,RVL_64
usr\bin\rvl\IOS_SDK_64_ios_release_090822123105\usr\include\rvl,swi.h,2009-08-22 12:40:26,5.57KB,a0aa8ab8ade2d197e1de3537739c2acdd9c7427d1bddbd3f1901f91a1cab1c9e,RVL_64
usr\bin\rvl\IOS_SDK_64_ios_release_090822123105\usr\include\rvl,sys.h,2009-08-22 12:40:26,3.19KB,b174ec65c455088cb45846097e40ab8caba88e92b7bea80dbd4449022695d79b,RVL_64
usr\bin\rvl\IOS_SDK_64_ios_release_090822123105\usr\include\rvl,syscalls,2009-08-22 12:40:26,4.38KB,317fa146daba1c9ee9ced4db9bbafda1920dd0bdeebace4d8ecd19a33c916465,RVL_64
usr\bin\rvl\IOS_SDK_64_ios_release_090822123105\usr\include\rvl,trace.h,2009-08-22 12:40:26,1.03KB,889dac7fc118502130a16091eb1f5327b54b58e0f0d5f4df50b1a998cc4dccd8,RVL_64
usr\bin\rvl\IOS_SDK_64_ios_release_090822123105\usr\include\rvl,types.h,2009-08-22 12:40:26,1.11KB,28389c535dc03856a26d95dadea8daefb0d7b40197b715d7ce9f6edf38e289d6,RVL_64
usr\bin\rvl\IOS_SDK_64_ios_release_090822123105\usr\lib\rvl,crt0.o,2009-08-22 12:40:47,0.81KB,fd26eba73332a6cb296c8bce0fe454e4f882c03dee4b39f53f505148f79dfd0f,RVL_64
usr\bin\rvl\IOS_SDK_64_ios_release_090822123105\usr\lib\rvl,crt0_noOS.o,2009-08-22 12:40:47,0.88KB,8ea8a9c888c5020749296ea0f4a0ada3e765beaf7c319bdfd4364b1c51ba842a,RVL_64
usr\bin\rvl\IOS_SDK_64_ios_release_090822123105\usr\lib\rvl,ddr.link,2009-08-22 12:40:47,0.46KB,48d61d66d50a9f3d8b44be20ed6e9edfdb21253608657d7cbc1ba5be666b4b71,RVL_64
usr\bin\rvl\IOS_SDK_64_ios_release_090822123105\usr\lib\rvl,libapputils.a,2009-08-22 12:40:50,66.72KB,78a1d784be46ba8d72321868f7f4a6f7590050c8f022cd5d098d16b649a7bf5a,RVL_64
usr\bin\rvl\IOS_SDK_64_ios_release_090822123105\usr\lib\rvl,libios.a,2009-08-22 12:40:37,9.08KB,281317f8dc8d6ad93df823847440390d65cf0751a95a342745c75ac1d2ec1a60,RVL_64
usr\bin\rvl\IOS_SDK_64_ios_release_090822123105\usr\lib\rvl,libiosc.a,2009-08-22 12:37:35,3.41KB,8fe967bc4e91180bfc3fc271611380ab8c4e31407ef5bdb00783e0991afbbc99,RVL_64
usr\bin\rvl\IOS_SDK_64_ios_release_090822123105\usr\lib\rvl,libioslibc.a,2009-08-22 12:37:35,39.33KB,2fc292473f8670492f481c8555807e246c291657da0d6df4d9b02998de54fa83,RVL_64
usr\bin\rvl\IOS_SDK_64_ios_release_090822123105\usr\lib\rvl,libiossh.a,2009-08-22 12:40:50,6.42KB,6f039e6f6ec255e9c3bedb9efd42a1d810f06478f7b6adba2868a75ebbbc6991,RVL_64
usr\bin\rvl\IOS_SDK_64_ios_release_090822123105\usr\lib\rvl,libiossyscall.a,2009-08-22 12:42:23,9.08KB,281317f8dc8d6ad93df823847440390d65cf0751a95a342745c75ac1d2ec1a60,RVL_64
usr\bin\rvl\IOS_SDK_64_ios_release_090822123105\usr\lib\rvl,libsdi.a,2009-08-22 12:40:46,9.78KB,b0f923bc88a89b86b74f3225f95399ca622bc5277075ec1a752ba478b6388dd7,RVL_64
usr\bin\rvl\IOS_SDK_64_ios_release_090822123105\usr\lib\rvl,libsock.a,2009-08-22 12:40:46,13.92KB,90f8357c94688246b1ddd29cc0d686cddc2b831a757f25fba116863a989e7173,RVL_64
usr\bin\rvl\IOS_SDK_64_ios_release_090822123105\usr\lib\rvl,libsys.a,2009-08-22 12:40:44,56.65KB,6b9497ff9cdb9999badf6e0ad32dae79fdc96e4ffb981d88f5b7d3a5772744bb,RVL_64
usr\bin\rvl\IOS_SDK_64_ios_release_090822123105\usr\lib\rvl,libusb.a,2009-08-22 12:41:05,5.38KB,84fac6f4b5a68c89d6ffd5b4e7d24495dbaf47d32076d7184f40adeeca286cbb,RVL_64
usr\bin\rvl\IOS_SDK_64_ios_release_090822123105\usr\lib\rvl,sdram.link,2009-08-22 12:40:47,0.54KB,3876cde5e8c2f7407c72e9dd004e783a852004620352d8c0822501a0b4a9d70b,RVL_64
usr\bin\rvl\IOS_SDK_64_ios_release_090822123105\usr\lib\rvl,stdalone.link,2009-08-22 12:40:47,0.54KB,42d1c0690a0bb5fba840a4513513eb0956e90e56ef39cf204a48edc552a7ff20,RVL_64
usr\bin\rvl\IOS_SDK_Private_Patch_64_ios_release_090822123105,install.sh,2009-08-22 12:42:23,0.48KB,6567355b7e06a433e9056f409a9e5640b20f37eddaa463637b72fb5b56891cc8,RVL_64
usr\bin\rvl\IOS_SDK_Private_Patch_64_ios_release_090822123105\usr\include,csltypes.h,2009-08-22 12:37:17,1.74KB,82eba50aee507d703fe618c02e631fef19537a685f268684561ed0f11790d425,RVL_64
usr\bin\rvl\IOS_SDK_Private_Patch_64_ios_release_090822123105\usr\include,es.h,2009-08-22 12:37:17,9.38KB,70ee9db8a17f299495282f0a8f4310422b965fbe21db6c43e9a3cdb5d83915dd,RVL_64
usr\bin\rvl\IOS_SDK_Private_Patch_64_ios_release_090822123105\usr\include,estypes.h,2009-08-22 12:37:17,12.66KB,8bc5191758126d728e07268c80e7a3215143a37347bf325d8d5613768a8744bb,RVL_64
usr\bin\rvl\IOS_SDK_Private_Patch_64_ios_release_090822123105\usr\include,es_int.h,2009-08-22 12:37:17,7.05KB,a90c794c9978f764c656b3affe0aa47658dd32cfcf3a67d11bc5e8eb1e083a32,RVL_64
usr\bin\rvl\IOS_SDK_Private_Patch_64_ios_release_090822123105\usr\include,flash.h,2009-08-22 12:37:17,3.37KB,c6b985f840b3f32648620fbb48c1263bf4854192d0ff5c1f3f4547e812625bf2,RVL_64
usr\bin\rvl\IOS_SDK_Private_Patch_64_ios_release_090822123105\usr\include,fs.h,2009-08-22 12:37:17,6.69KB,b769b02225ae0a2b92fe15d2f96172682b73273cddcb1bff23bcf17c73c305dd,RVL_64
usr\bin\rvl\IOS_SDK_Private_Patch_64_ios_release_090822123105\usr\include,iosccert.h,2009-08-22 12:37:17,3.63KB,93b4894dd409e9dbdbe691466748ae5c50e019a6fb8f2d23192f2b2437a6de7b,RVL_64
usr\bin\rvl\IOS_SDK_Private_Patch_64_ios_release_090822123105\usr\include,sha1.h,2009-08-22 12:37:17,1.12KB,a151165ee4ca6ec84d7d8eeeb195acd0d5148c3ec05872721c409666260f96c3,RVL_64
usr\bin\rvl\IOS_SDK_Private_Patch_64_ios_release_090822123105\usr\lib\rvl,libes.a,2009-08-22 12:37:33,14.37KB,93b3c4b5aab04428038567c16dfb1132ee4c660c04528a053622617156f74fb8,RVL_64
usr\bin\rvl\IOS_SDK_Private_Patch_64_ios_release_090822123105\usr\lib\rvl,libisfs.a,2009-08-22 12:37:33,5.72KB,0266568a65548d116a18895e83d378cfb5cef3f7653e9fad727fd215f1ab1933,RVL_64
usr\bin\rvl\tests,aes.elf,2009-08-22 12:41:30,46.21KB,4f00283ff83934a1c8586ff7fac89e9fefe8b699be18f32c323f5e3aa0f8989c,RVL_64
usr\bin\rvl\tests,aes_reset.elf,2009-08-22 12:42:12,138.77KB,76af6f29f165209cc879fa987dd5fb6fee96bc90e273a6a0f25063ed08052f12,RVL_64
usr\bin\rvl\tests,align.elf,2009-08-22 12:41:30,45.85KB,a3961ab1a44ccb3d9b0a78f77959d64a624c8ad54d531ccbaf842613d34a72fe,RVL_64
usr\bin\rvl\tests,alloc.elf,2009-08-22 12:41:30,51.12KB,488cf65733ccd5cbd24a66cb9773eb3832b377cbb99ebaab44ed3091e3eb3e01,RVL_64
usr\bin\rvl\tests,alloc2.elf,2009-08-22 12:41:30,46.34KB,c694a4e22aa1f075ebb29848c922c70a9223eebb819aade155a4787412bd13ae,RVL_64
usr\bin\rvl\tests,asix0.elf,2009-08-22 12:42:06,58.14KB,39af9c246e1811a98b86a06cfa00031d245aacf511397f004f85198a635a62c5,RVL_64
usr\bin\rvl\tests,asix1.elf,2009-08-22 12:42:06,58.17KB,ca7646a8f258fac1cea682c4c57e4fc2c37dd3c3027f09b6c074b02718479e35,RVL_64
usr\bin\rvl\tests,bt0.elf,2009-08-22 12:42:06,53.57KB,e9aec81d2c1aeccb0e4635d621751f6f0ddda8d001ffecf7432e891204fbc679,RVL_64
usr\bin\rvl\tests,bt1.elf,2009-08-22 12:42:06,53.57KB,7e6b10471c90b2b94b0e7ef96118f732980873519eb78488721d6eb542a4e9ae,RVL_64
usr\bin\rvl\tests,cryptoapp.img,2009-08-22 12:42:06,142.81KB,29c20ca5f5cd2bda6e205f73a0a4e9cd6571759113ba50300b906141c4079a76,RVL_64
usr\bin\rvl\tests,cryptotest.elf,2009-08-22 12:38:24,112.9KB,37feb236f21951732a0ba4f7634d7010d19395bb7ffa9401b97191eb1f200a96,RVL_64
usr\bin\rvl\tests,dcache.elf,2009-08-22 12:41:30,45.94KB,a107f226649976f24f6242b64c8ae4581f1194e448dd0ad7d2554c83eaa0b02a,RVL_64
usr\bin\rvl\tests,dd.elf,2009-08-22 12:41:30,56.55KB,f5e2abefc1a95b9936a1ae09f44f734a3ba451e9d333fc65a38b9fbf0d530186,RVL_64
usr\bin\rvl\tests,delay.elf,2009-08-22 12:41:30,46.82KB,9d5e15df0db31bddaeb739d1e92e1d0b285239d6c7193b1c97e97b0524e14979,RVL_64
usr\bin\rvl\tests,dicheck.elf,2009-08-22 12:41:30,52.15KB,014eb016c36823911d4347a3d73d33e123c0f90d17b9ae16ac2f1bb1c37de078,RVL_64
usr\bin\rvl\tests,di_syscalls.elf,2009-08-22 12:41:30,46.48KB,d10c3f9b91a288b8fb871eff3eb63c5e0575657527e27c1cb3536369422c5626,RVL_64
usr\bin\rvl\tests,dump.elf,2009-08-22 12:41:30,42.77KB,e890964b7704a0343e7ad893ceddb1e6424d3c2eaba03184a378149d325ed8cf,RVL_64
usr\bin\rvl\tests,eepromtest_dpki.img,2009-08-22 12:42:08,138.17KB,d686655477cffbaecc1974bee05056f02580a538f91e5d877d15fc7614a86959,RVL_64
usr\bin\rvl\tests,eepromtest_ppki.img,2009-08-22 12:42:08,138.23KB,ea7b68fecd5e92fc4a79e7b29ff6d250f3fdef723d1b1abb48ecdbdaa1ce8538,RVL_64
usr\bin\rvl\tests,ee_apitest.elf,2009-08-22 12:42:04,46.51KB,51373d19666dc79dde0746465f4b198ceb392a8ac63e77d1bf5a0afaa2bf7232,RVL_64
usr\bin\rvl\tests,ee_test.elf,2009-08-22 12:42:04,43.09KB,810947d5b9aea128eb6466fa8ae6485b87a8ca770d629aa95a11917566747856,RVL_64
usr\bin\rvl\tests,es_apitest.elf,2009-08-22 12:38:24,79.99KB,5fff389f0425ebcae9f4139ed3c10397ecae095544274d33e337deb7d2c478ac,RVL_64
usr\bin\rvl\tests,es_apitest.img,2009-08-22 12:42:04,196.3KB,df8a0ef515caba3be9eebbcba6e4bdc27005d9e8931b1694750334e3798a420d,RVL_64
usr\bin\rvl\tests,es_chgpritest.elf,2009-08-22 12:38:24,66.05KB,bf3ada72785768454d24488400c755a3a20fc1376cfb2ff5d2c5cf71c8e6b803,RVL_64
usr\bin\rvl\tests,es_chgpritest.img,2009-08-22 12:42:04,182.31KB,3f46de25c328b1a6b6c767e696dcef36580d9bc986c2da43fd1df961114ea4f7,RVL_64
usr\bin\rvl\tests,es_ck2test.elf,2009-08-22 12:38:24,71.17KB,274243fdb4eac16439f74d2ec65c78d4fe92c615a4e97245da9d894b3651b5a5,RVL_64
usr\bin\rvl\tests,es_ck2test.img,2009-08-22 12:42:04,187.09KB,ee86838f4e49435a4ef69430e97e8c57ad94ef61122c85aae05771c47761f15e,RVL_64
usr\bin\rvl\tests,es_swupdate.elf,2009-08-22 12:38:24,75.33KB,d2d1a7fa1d6e99907992bf2376748fb6c8acde4f630a497072332174f8b553f1,RVL_64
usr\bin\rvl\tests,fl.elf,2009-08-22 12:41:30,46.09KB,2ba0fbf128461782b53f4f4e7d94c70e25120c2dc236155c853510b4d1b63533,RVL_64
usr\bin\rvl\tests,fsdev_chk.elf,2009-08-22 12:41:30,46.6KB,150c3b863c3b996f281573753b412cb7c87563bf454a51d43d1a250374df6e26,RVL_64
usr\bin\rvl\tests,fs_apitest.elf,2009-08-22 12:38:24,61.4KB,e023cfd6ee3b2ddc8f0607d8f80174994523aee0797802fac17f7abde57a705a,RVL_64
usr\bin\rvl\tests,fs_coproc.elf,2009-08-22 12:38:24,81.59KB,d75c70adff0597730ed573d14c7451b6bc92663e217880b4d0d40b214762caeb,RVL_64
usr\bin\rvl\tests,fs_overwrite.elf,2009-08-22 12:38:24,53.66KB,46dcc488955eb740d04907b994fbe739e7af04d5d17732bbd1d5703579a9a3b6,RVL_64
usr\bin\rvl\tests,fs_perf.elf,2009-08-22 12:38:24,53.28KB,d1debb8d642a69f4380833aee5e734f6a3ceee0204a41cb050120e0eb11fbff0,RVL_64
usr\bin\rvl\tests,fs_regr.elf,2009-08-22 12:38:24,92.86KB,64519bb1d7f3b8e596d26b75a2cebffe2d186d98769b5bb667bf901abff85e71,RVL_64
usr\bin\rvl\tests,fs_stress.elf,2009-08-22 12:38:24,58.04KB,f28520f631c9c85e2f578de1940a337078457fd419536d0681f3769f26042e5c,RVL_64
usr\bin\rvl\tests,fs_versionapp.img,2009-08-22 12:42:06,92.11KB,259a7cdab296ccef9be8dfe34eaa6d4508fe44aa99c65df25a119e4a14c9192e,RVL_64
usr\bin\rvl\tests,getcoreclk.elf,2009-08-22 12:41:30,45.85KB,6b19f6b113a17dad1e03646ae840b1b779a13914f0c47c1e25c3507777ed6881,RVL_64
usr\bin\rvl\tests,heap0.elf,2009-08-22 12:41:30,50.79KB,5fa68411001c71365a866e0ea8547ae677050b1ee1ce8034f6cdd13340c451b5,RVL_64
usr\bin\rvl\tests,igmp_query.img,2009-08-22 12:42:04,310.63KB,92e24a23ebb90ed3ab78f597911f8a292b941915df0b84055f3829fa906b6227,RVL_64
usr\bin\rvl\tests,iob_2583.elf,2009-08-22 12:41:30,46.53KB,bdc76d8ebf208d10459f37cadb077b1bcee7e592cfdb9237dcabb684ed3c7918,RVL_64
usr\bin\rvl\tests,iob_tests.elf,2009-08-22 12:41:30,55.95KB,4bfc698199044b9e923cc46019c5f01b2a1bae7533d1cfcab4988cdcb70f2e9e,RVL_64
usr\bin\rvl\tests,ipcmax.elf,2009-08-22 12:41:30,46.03KB,d2184a700e54fe570300a19b58a04d86c1d144d5b01e4e6256c270c55a080b49,RVL_64
usr\bin\rvl\tests,ipcrm.elf,2009-08-22 12:41:30,43.57KB,fb3e236b447aaa71483f022974f217894335f551adf095fa1aca7a47232bfe84,RVL_64
usr\bin\rvl\tests,ipcsysmax.elf,2009-08-22 12:41:30,46.59KB,907c8ea550d3771d0cd5c58cdca7ff963deec02247a42a1674ab55f565f02ea1,RVL_64
usr\bin\rvl\tests,iv_bug.elf,2009-08-22 12:42:06,72.66KB,0e020205ba4b70caacfde42ea98e7f778365c432360309b09878ca7ff6a9bcd3,RVL_64
usr\bin\rvl\tests,iv_bug.img,2009-08-22 12:42:06,107.05KB,074692fd864f04db589b4e26ed2c905f3aaef17fce86272d69fcbd0e82fab8b5,RVL_64
usr\bin\rvl\tests,launch.elf,2009-08-22 12:41:30,46.1KB,9105041a57c289b38a4607ecd091f3c3efd6cb80b1e468a72be3eba7c440cbd4,RVL_64
usr\bin\rvl\tests,launchOS.elf,2009-08-22 12:41:30,46.1KB,0d7f538b1eaf3e2c645d8bfb53126505728e354f057a382555a53dce7f9b65cb,RVL_64
usr\bin\rvl\tests,launchPPC.elf,2009-08-22 12:41:30,46.1KB,f138f277b2eea647ad078254fbd5f8b1b28eadef286aafb0f03cfd7741b46971,RVL_64
usr\bin\rvl\tests,memcheck.img,2009-08-22 12:42:06,106.59KB,5834f46eb7515ba9122f927feeb69a3c45d9109695b97e476d81b9e55eb4ad5b,RVL_64
usr\bin\rvl\tests,memcheckestest.elf,2009-08-22 12:38:24,71.09KB,968d990d4556f6e7d9761c1e15f53f22a2a41ef856d02b287e65979077b836dd,RVL_64
usr\bin\rvl\tests,memchk.elf,2009-08-22 12:41:30,51.23KB,c93d5acd0d95c4466aeec169f150606b14cf22a9d26deee98d945b2c7cd1f08f,RVL_64
usr\bin\rvl\tests,memclear_correctness.elf,2009-08-22 12:41:30,46.31KB,4f2b118c5bdeeec2f27cdb28afe139dc80834ef557125da4070d3be4a9e15816,RVL_64
usr\bin\rvl\tests,memperf.elf,2009-08-22 12:41:30,50.56KB,ab7b398b78617ddc8da53be107f1b4373afa26de351f151e9ec46f2252456184,RVL_64
usr\bin\rvl\tests,memset_correctness.elf,2009-08-22 12:41:30,46.5KB,010ee92bcde08eb4fc130e1059035468781268d9e81c4ca9f47616b2e7d98dbf,RVL_64
usr\bin\rvl\tests,memset_perf.elf,2009-08-22 12:41:30,46.35KB,f6ea4650187435971e5c520e0dbbd1677b5ecb0300f7012dc475c8e89be6b2ed,RVL_64
usr\bin\rvl\tests,memtest_correctness.elf,2009-08-22 12:41:30,50.83KB,ab0ed2763e62e4713b51081b6bee6454db7b121dbb1764f1358e41cf450f4de4,RVL_64
usr\bin\rvl\tests,memtest_perf.elf,2009-08-22 12:41:30,46.69KB,5a8ce4f11473d459194731d372c2c3d7e16dc19f09ce111d1f928ec84f977b6c,RVL_64
usr\bin\rvl\tests,mouse0.elf,2009-08-22 12:42:06,57.02KB,2de499b9b099ea82ee5aa060074451c2aa3cfa1ffd0cb27dc254cabbff67067b,RVL_64
usr\bin\rvl\tests,mouse1.elf,2009-08-22 12:42:06,57.17KB,542c73d5336d621f43acfaae3d6781b613fa52fc7ebcfce93fa5d3152501c58e,RVL_64
usr\bin\rvl\tests,mouse_close0.elf,2009-08-22 12:42:06,53.3KB,29fe2c23f4139dc21111901a4a4d2d7369f43aafa8a027ea8d4188f69a7069ab,RVL_64
usr\bin\rvl\tests,mq.elf,2009-08-22 12:41:30,50.98KB,e354b9b5e12e95d56df99c7b9314346c8b29d89699d7c4e5aa96ad2d6edca2f9,RVL_64
usr\bin\rvl\tests,msg.elf,2009-08-22 12:41:30,47.03KB,c83225dc2b5e66136c94b2a047e68dba6b660d12ffe10df7687610d51dd2dfee,RVL_64
usr\bin\rvl\tests,multiple0.elf,2009-08-22 12:42:06,57.92KB,6adcc39d10b2efb68ac6f2e301216803373a619259e97df4d0253f03f7eb7d91,RVL_64
usr\bin\rvl\tests,not_ownersapp.img,2009-08-22 12:42:06,106.3KB,b7d75b12be79c8ad9a0cc58fd972f795777e32a388d6c59d4e1218d5d2ee29ed,RVL_64
usr\bin\rvl\tests,ownersapp.img,2009-08-22 12:42:06,106.3KB,bbfaa48432e202d54ff56a21283162bee30801cb005c72ed557c0a48e7a424e6,RVL_64
usr\bin\rvl\tests,ownerstest.elf,2009-08-22 12:38:24,67.13KB,516e46ac61fe1e1f1dad0b8f1f56ec7845865494a24653db15e0290f8a05ef1f,RVL_64
usr\bin\rvl\tests,ping.img,2009-08-22 12:42:04,310.82KB,4a3e6a1c776ca30272934de29203aec6ff183d2f353fbbdf250a61d0cb03c672,RVL_64
usr\bin\rvl\tests,pri.elf,2009-08-22 12:41:30,51.79KB,0310937841e006c727f4fe866499e02ad9040d585d60b4500d207f5690c94781,RVL_64
usr\bin\rvl\tests,print1_dbg.elf,2009-08-22 12:42:06,50.59KB,51151a089edbf96b6dc964831fd43d788de59e49118658f5dbbdefd5738b6609,RVL_64
usr\bin\rvl\tests,resolv.img,2009-08-22 12:42:04,311.64KB,c3e66ca8a8fbef3d1ed1217ab37098e495eb7df7e1b709c620d4bbdcad807041,RVL_64
usr\bin\rvl\tests,resource_max.elf,2009-08-22 12:41:30,46.16KB,919d9f7be7964b5c4ce48ee03423caf98e0fbad156ef6309183c41c99eb7636a,RVL_64
usr\bin\rvl\tests,rm_iob.elf,2009-08-22 12:41:30,52.16KB,4eff0902f0b21b02a0f0d237055444208866fd7fc0fddf1aba0f4032d49548f8,RVL_64
usr\bin\rvl\tests,sdi_test.elf,2009-08-22 12:41:40,58.95KB,c092bef0a8a126e36d1c29c2b06be40d36f74c8ea7904e4b35ebfdf34ea2bb93,RVL_64
usr\bin\rvl\tests,setppcperms.elf,2009-08-22 12:41:30,46.01KB,b17b4e17bf126ea751c7b0896617a516ecee340673e9ace083a9e93e7c643416,RVL_64
usr\bin\rvl\tests,setver.elf,2009-08-22 12:41:30,46.01KB,b67cfdb6b2d687aea5ba97db1c5e949056dc8a2521598eb08379d043f6be9472,RVL_64
usr\bin\rvl\tests,sha.elf,2009-08-22 12:41:30,46.23KB,d14e436e02220faa871a70fde3321a6f36859938e1f4574dba79ac2d81ab8c58,RVL_64
usr\bin\rvl\tests,sotcp_client.img,2009-08-22 12:42:04,311.64KB,76043c671cebe2310ba1a3d7d743e1d7fa9481924fc8735cbb7c0fea3f231c28,RVL_64
usr\bin\rvl\tests,sotcp_max.img,2009-08-22 12:42:04,311.36KB,215297ebf6c325e74fac8db52d9e58b377c351f74b4fdd4df22495c5a8f85612,RVL_64
usr\bin\rvl\tests,sotcp_perf.img,2009-08-22 12:42:04,311.56KB,8775e1ba6b44261f8803c14c782b61511ec2db2ef38c9f3087e12be512752f5f,RVL_64
usr\bin\rvl\tests,sotcp_poll.img,2009-08-22 12:42:04,345.13KB,a3e186776d800f59b5c9eb6c745c98c9f063a2103b881902746934cea210ce65,RVL_64
usr\bin\rvl\tests,sotcp_server.img,2009-08-22 12:42:04,311.26KB,c2f3396f3157052522021d49b5ca62789c9524c3922028c90ee06dc6d79305b8,RVL_64
usr\bin\rvl\tests,sotcp_stress.img,2009-08-22 12:42:04,311.44KB,312defb6d25c17042d4b191bdd2cff921507f6aed0d1120e5adccb136cc1f450,RVL_64
usr\bin\rvl\tests,sotcp_stress_old.img,2009-08-22 12:42:04,311.38KB,c7349e27191b2705a9685a476dabfe0c47d02a3bc61638ea715e0d76cdd8e644,RVL_64
usr\bin\rvl\tests,soudp_send.img,2009-08-22 12:42:04,311.13KB,2ad7427c7593c8fb42f49f85a9a3747c39da20d5c762efc081878178e0f5fdf8,RVL_64
usr\bin\rvl\tests,stm.elf,2009-08-22 12:41:30,46.35KB,a1ab44279d0a474047cb47b751d2c03ebb8c74f6fa4cfe08503246a14d767e34,RVL_64
usr\bin\rvl\tests,stress_api.img,2009-08-22 12:42:12,483.42KB,480ab2bd3582603bbb631009eca387108c2773efb1d61723397ce31f958479d1,RVL_64
usr\bin\rvl\tests,str_crypto.elf,2009-08-22 12:42:12,138.88KB,5a0ffdc81717b45d742f31b89eaa061c213e50efe2b733499a2e2a3be4018cc7,RVL_64
usr\bin\rvl\tests,thrd.elf,2009-08-22 12:41:30,46.66KB,3bb8f6f9c1e0606863c1bc2dc0aa842dd57436bd7c88e2162c9a15c418dedbde,RVL_64
usr\bin\rvl\tests,tmr.elf,2009-08-22 12:41:30,50.51KB,f0178f2355ab29084a310513e2c82cad6a34766fbfbcccafe4ef2a9327475136,RVL_64
usr\bin\rvl\tests,tmr1.elf,2009-08-22 12:41:30,50.65KB,f5673185d26d2479519b777eacad3f70a3e55adcdb9c47b90ab74d4573c0e9eb,RVL_64
usr\bin\rvl\tests,tmr2.elf,2009-08-22 12:41:30,50.52KB,144971196eb4c30a0b174203efd9df017baf5699790a09ffa9fc72bb171a143c,RVL_64
usr\bin\rvl\tests,tmr_chk.elf,2009-08-22 12:41:30,46.23KB,15f926ffc8f297090cd9a8af79ef43ff17b92ac9464e065b7901a3edee7f6b0e,RVL_64
usr\bin\rvl\tests,tmr_periodic.elf,2009-08-22 12:41:30,46.66KB,063a4a53e15d31ccf008f244a8e8f3c12178affabfd155821f4b0f3786fa092b,RVL_64
usr\bin\rvl\tests,usbeth_basic.img,2009-08-22 12:42:14,147.32KB,6824d7d76859ad58ed71d3aba3f77ac6a75a7033ae343b12131212db526ba42e,RVL_64
usr\bin\rvl\tests,usbeth_cable.img,2009-08-22 12:42:14,145.64KB,8cddf6952391976ddc7234dec9ee09dd27f48bbae484a4fae03e192a8098dedf,RVL_64
usr\bin\rvl\tests,usbeth_dongle.img,2009-08-22 12:42:14,144.09KB,8405964068bdd1d9b03d2aa31a087d398cbca8c721fe34565bb0c94d0115cd55,RVL_64
usr\bin\rvl\tests,usleep.elf,2009-08-22 12:41:30,46.33KB,3d7713916093cd2541771abe95da2e351513b45d436b415885fa6a092103e92d,RVL_64
usr\bin\rvl\tests,versionapp.img,2009-08-22 12:42:06,92.11KB,3138632d61c4b8be009ba66f1f3ee5a7841b604fd1255e00bbbc13b7d4c2e096,RVL_64
usr\bin\rvl\tests,versiontest.elf,2009-08-22 12:38:24,52.66KB,f9d18fdccee540b8767bd769a2f7cc9a32858def1f600d4613d54f700c87f929,RVL_64
usr\bin\utils,fiddle,2009-08-22 12:40:30,21.8KB,b1aed355285486f8200dd92a2fcc295879c0da3866e8254f6fb087a0c467a4e8,RVL_64
usr\bin\x86,decomp_disk,2009-08-22 12:42:02,22.59KB,a7357e8145eccdccf4f9884e346027e972adb04a3dc75e727c7d629b6cdc69e1,RVL_64
usr\bin\x86,decrypt_rvl_partition,2009-08-22 12:42:02,41.08KB,f503d265780ae6c6138b5d1dbd29520bdb3cedda57dedae291142c20fe4a74b3,RVL_64
usr\bin\x86,genPart,2009-08-22 12:42:02,9.68KB,6c0e51ab9a09301a3e9d7329a39a0a1d88cee13a993ad759abce32cfd9409deb,RVL_64
usr\bin\x86,make_ndev_partition,2009-08-22 12:42:02,23.55KB,bf9ad76a9476ab012c0ebf422ddd558be5b141cd0a43ca8c4f69ea71b38c9081,RVL_64
usr\bin\x86,make_ndev_partitionIRD,2009-08-22 12:42:02,20.63KB,cf5fbe7e52bfd039366c7283a4b897572c8428a2374d9b2f147df24692440115,RVL_64
usr\bin\x86,make_production,2009-08-22 12:42:02,16.18KB,ce803ec52740e9c83cece5f2695f9c127a2438f9b7e7acfe35f6e00c2838fdaf,RVL_64
usr\bin\x86,prepPart,2009-08-22 12:42:02,11.83KB,a6e347fe2b37bab99bf500317da4ea3aaa671d0899cdf88f5f50ebeb04a5ee36,RVL_64
usr\bin\x86,rvl_devel_partition,2009-08-22 12:42:02,43.1KB,9c40156e38c2c91b3127f1990b039b5ea2628754ed23821b845ac35c7bbe7ac4,RVL_64
usr\bin\x86,rvl_devel_partitionIRD,2009-08-22 12:42:02,40.25KB,6b193200bd0acab68be40846f2bbe734afb737c8b6d71a2d31d488dffc0acac8,RVL_64
usr\bin\x86,rvl_prod_partition,2009-08-22 12:42:02,26.44KB,d749934bc9000ea63c24b980f764b24a660c2e1fb9e90f7b56a47c1d0e1a7a1f,RVL_64
usr\etc\pki_data,ca_dpki.cert,2009-08-22 12:37:32,1.0KB,bb01ba1508972ca5cc599c96f4060efe5cf4e8cee755d667f73cc750ab0fd0f1,RVL_64
usr\etc\pki_data,ca_ppki.cert,2009-08-22 12:37:32,1.0KB,f606090f38c11626333a2a9b8bdcd590286683b7154ad8c67c58f5ab7560a3e6,RVL_64
usr\etc\pki_data,cert_bpki.sys,2009-08-22 12:37:32,3.06KB,0df0ef2320df924a2649620b71d0fce7b0eefa18e139ab963bdc4a28ee902eb3,RVL_64
usr\etc\pki_data,cert_dpki.sys,2009-08-22 12:37:32,3.62KB,0aef927b69b2e3c3ea8133c551ab579b4f3a9c77fbf442939984d4a01d3b22c3,RVL_64
usr\etc\pki_data,cert_ppki.sys,2009-08-22 12:37:32,2.5KB,e126560d5c500693452c39c2ef0293f1253d1a56ade750e9395cccfd37624530,RVL_64
usr\etc\pki_data,common_dpki.aesKey,2009-08-22 12:37:32,0.02KB,5d8ab8193c88627d542cb1130d729e632222011c851ae390976ad7fe237c3a6a,RVL_64
usr\etc\pki_data,cp_dpki.cert,2009-08-22 12:37:32,0.75KB,e6d94b7c70c4d009b5bc7ba636c654a59a6f254796f7261dfdab0761f64f304f,RVL_64
usr\etc\pki_data,cp_dpki.rsa,2009-08-22 12:37:32,3.42KB,3e2d7298130001eb8120fd4afbaa71ad612e5bbb89e456cf3517d39c75626fd3,RVL_64
usr\etc\pki_data,cp_ppki.cert,2009-08-22 12:37:32,0.75KB,f214af686e7fe2f6e09f56b02cd778e316a0b2b2c6995581a1ae7082720d1e34,RVL_64
usr\etc\pki_data,dev_dpki.eccPvtKey,2009-08-22 12:37:32,0.03KB,cd252dc8e7f9fff458e8a7a899e392ee33ebb77eb87292192f7fabf9e0da01bf,RVL_64
usr\etc\pki_data,dev_ng_dpki.cert,2009-08-22 12:37:32,0.38KB,d21fcb0396b278ac40d57677f5d0d2920de9528ad3389ff794dc18a0348bd419,RVL_64
usr\etc\pki_data,ms_dpki.cert,2009-08-22 12:37:32,0.56KB,1fc5aabe312442ce9b2bf31a17f98cff52f666ac7cd3f5633d362d22d4036a68,RVL_64
usr\etc\pki_data,ms_ppki.cert,2009-08-22 12:37:32,0.56KB,2ed4d0d02d9b981532173cef0a27e38652032b4c3663ffe7709ceda4538c2482,RVL_64
usr\etc\pki_data,xs_dpki.cert,2009-08-22 12:37:32,0.75KB,b736072009a43c24d0de7331adec6621d23630a8e923eaa522503f1b025ef8e6,RVL_64
usr\etc\pki_data,xs_dpki.eccPubKey,2009-08-22 12:37:32,0.06KB,60466af1a08c1d1f8f87bb21ee2c17632d812375bb6b842530b1a4f03f902c40,RVL_64
usr\etc\pki_data,xs_dpki.eccPvtKey,2009-08-22 12:37:32,0.03KB,c1b4dbe9295cbdcdc336db2e30bead5ff2d59644e65ed40aa130d4d69b7fa395,RVL_64
usr\etc\pki_data,xs_dpki.rsa,2009-08-22 12:37:32,3.42KB,8d551228d4ebafb78541af82ee808f38d6dc821e7ae31af771cd47cc40431c0b,RVL_64
usr\etc\pki_data,xs_ppki.cert,2009-08-22 12:37:32,0.75KB,6c6c63935f77e6e0ead3eaa6a06ee408cf0e0edcaee94a30e876c632aa01a8ef,RVL_64
usr\include,aes.h,2009-08-22 12:37:18,1.15KB,3e81233dc44d901dbfa1c572736c8a360a6c389616c2de4e01598f30b29be190,RVL_64
usr\include,boot.h,2009-08-22 12:37:18,1.71KB,eb6bc9ea665f880305c2bad47461735e1b48f5014976abf7d12af7305e4b6da7,RVL_64
usr\include,bsl.h,2009-08-22 12:37:18,5.5KB,baf40b92ecb2892d61d52e4980c33575ecc77e45bc2f55a843855a245f32fe89,RVL_64
usr\include,bslutils.h,2009-08-22 12:37:18,2.03KB,36fbf4f843e82372882e093087dd009a91630a489433456fa17e34e8e59ecc28,RVL_64
usr\include,cryptcalls,2009-08-22 12:37:18,3.06KB,c74be97062d2236bd014cd90136ec8c9a84221f62c4650299004f65858daf1da,RVL_64
usr\include,csl.h,2009-08-22 12:37:18,4.22KB,a55e10afa7424e636c787d119c19fd695408176bd95a41295c84c3572009f93b,RVL_64
usr\include,csltypes.h,2009-08-22 12:37:18,1.74KB,82eba50aee507d703fe618c02e631fef19537a685f268684561ed0f11790d425,RVL_64
usr\include,es.h,2009-08-22 12:37:18,9.38KB,70ee9db8a17f299495282f0a8f4310422b965fbe21db6c43e9a3cdb5d83915dd,RVL_64
usr\include,estypes.h,2009-08-22 12:37:18,12.66KB,8bc5191758126d728e07268c80e7a3215143a37347bf325d8d5613768a8744bb,RVL_64
usr\include,es_int.h,2009-08-22 12:37:18,7.05KB,a90c794c9978f764c656b3affe0aa47658dd32cfcf3a67d11bc5e8eb1e083a32,RVL_64
usr\include,flash.h,2009-08-22 12:37:18,3.37KB,c6b985f840b3f32648620fbb48c1263bf4854192d0ff5c1f3f4547e812625bf2,RVL_64
usr\include,fl_ops.h,2009-08-22 12:37:18,3.88KB,79b88afec51628620347689ade2ff86b58c916709862439eb4dc269de523efbe,RVL_64
usr\include,fl_utils.h,2009-08-22 12:37:18,2.4KB,22521213674f51e4e1deeda74e211e73ea0db1a3523a3dfc77aad1070f102516,RVL_64
usr\include,fs.h,2009-08-22 12:37:18,6.69KB,b769b02225ae0a2b92fe15d2f96172682b73273cddcb1bff23bcf17c73c305dd,RVL_64
usr\include,fs_ops.h,2009-08-22 12:37:18,2.52KB,9dc9b4fe62e6818a766804776b5990101117a36c365a5471ab32343522fdcce2,RVL_64
usr\include,fs_utils.h,2009-08-22 12:37:18,2.42KB,d43739683731e7919ffc7c136012ef569b01c131b5dcbf1f70a34c992202adf7,RVL_64
usr\include,iosc.h,2009-08-22 12:37:18,4.43KB,44100e9cdb5637398f4eaa5501b11530a187736eeb57f6d1e9583b805f4baeea,RVL_64
usr\include,iosccert.h,2009-08-22 12:37:18,3.63KB,93b4894dd409e9dbdbe691466748ae5c50e019a6fb8f2d23192f2b2437a6de7b,RVL_64
usr\include,iosctypes.h,2009-08-22 12:37:18,4.41KB,fe7b071ce85474c98c6543ec6ecf41139c13a3638dae3f03f629d5dfad9463aa,RVL_64
usr\include,ioslibc.h,2009-08-22 12:37:18,3.16KB,5c960aa6bb57ca5cb63f6c8b8aea87c03e5ed7a7d8c96d9d21b90137acaa0b5d,RVL_64
usr\include,keystore.h,2009-08-22 12:37:18,1.73KB,90567d10ee8b536d6d8982fad4a4228d2b4426fe320d4de2f73a72c3a9b1bb4d,RVL_64
usr\include,root.h,2009-08-22 12:37:18,20.36KB,06aeb4d731d318033288ee9d3efa0c072f2cfb4967a3eae835c5472354a8ddd4,RVL_64
usr\include,sha1.h,2009-08-22 12:37:18,1.12KB,a151165ee4ca6ec84d7d8eeeb195acd0d5148c3ec05872721c409666260f96c3,RVL_64
usr\include\make,commondefs,2009-03-23 17:07:54,10.61KB,79432cc57dc220a5ac3f87766ec814aa225f1f7a7c0ce85178d06c6b04506c7e,RVL_64
usr\include\make,commonrules,2006-05-08 15:39:08,4.38KB,54831fb6171581922e7d42dd83f6cec1df4a1e168e40c35955882946009db3b0,RVL_64
usr\include\make,dummyrules,2005-11-30 15:15:50,0.22KB,c00c473fc108af14bf8aa11a506a07a24a267d3b5f575038b9ca27aa8dac49dd,RVL_64
usr\include\make,IOSEdefs,2006-01-06 14:42:54,0.76KB,675c8f85671118807d33e32fb28ccbe72252a4f33be48908255a540fa17d3f1f,RVL_64
usr\include\make,NGaddrs,2009-04-03 19:00:26,9.27KB,e97dc028be6f3ab79d52f9ac2f10a4a057c0393cc749e14476136f577ea3fb24,RVL_64
usr\include\make,NGaddrs_8M,2007-07-20 15:18:30,9.33KB,32957c6b11a29a3f1410d9547b4b2e3d6b2d35a9c6a110b270557c486fd303fc,RVL_64
usr\include\make,NGaddrs_debug,2009-04-03 19:00:26,9.27KB,e02bc172b8c9bc565e8c676507ef0b08e2fcf25e927fdb253a7c894f043f0d61,RVL_64
usr\include\make,NGaddrs_debug_8M,2007-07-20 15:18:30,9.33KB,f0d18774f3cb874b22b719b51e39b7b5ccb8132529d3fa6fbd0be6dddc5411a0,RVL_64
usr\include\make,NGdefs,2008-03-14 14:33:26,3.04KB,e27fcebabe9b01a7924e672a5604ac692988b823e4542ea889f3a4f61b75fe86,RVL_64
usr\include\make,VersaIOSaddrs,2006-01-10 19:37:04,1.42KB,f9c3c920628004629844dfffcc63950248ef56bf3a5b5c78c035d4ecdd22ec43,RVL_64
usr\include\make,VersaIOSdefs,2006-03-14 16:34:52,1.55KB,1ad1d7339205a1ed4e20bec8de5a41ae4ff5d2e0e18b1ebd1c3263fdace51b28,RVL_64
usr\include\make,X86defs,2007-03-20 15:29:08,0.56KB,319b4b1c46677d75f5c25abb8ab341952cfb45a9e79a4e1b670c1e060e1fd228,RVL_64
usr\include\rvl,addr_map.h,2009-08-22 12:40:30,3.5KB,463503e7a8441def944b60f7cfc6b3eda85fddfd638d3cef50fe0a7405151575,RVL_64
usr\include\rvl,ahb_fdl_defs.h,2009-08-22 12:40:26,801.31KB,2eb7a79904f4e3fae91717d5f97a8e27b892eaccfe25f08c517380be7deb7b80,RVL_64
usr\include\rvl,apputils.h,2009-08-22 12:40:26,1.44KB,050d801faf65eb7f648a23602401564bcd3eb78a9dd652b6bde540b3c33801e2,RVL_64
usr\include\rvl,arm.h,2009-08-22 12:40:26,0.96KB,ec8c5cc688a4c86215de8b664f5b085d4d2f54c4448b59016f9f07f7d10a2640,RVL_64
usr\include\rvl,asm.h,2009-08-22 12:40:26,0.78KB,927b4a9635863fc5832108bbeda54fcd11e9e306a80e5703a100f43fa056610f,RVL_64
usr\include\rvl,disk_format.h,2009-08-22 12:40:26,3.55KB,d56bb76110f47454b1dd15807073a2a91bba14f7b13d1b1abad32c819eea5c23,RVL_64
usr\include\rvl,dol.h,2009-08-22 12:40:26,1.32KB,dcd6d0622899c255adc3d1a25ccc12cc9ec68e9e0d1abdd93996f7dff485fed0,RVL_64
usr\include\rvl,ee.h,2009-08-22 12:40:26,1.18KB,4fb966f8986a3ea4cff264d5db6cad77e71a94b8ba98e05614e8a813d3a45bc9,RVL_64
usr\include\rvl,elf.h,2009-08-22 12:40:26,3.43KB,a5277c2b02a561c82a89192ad3bcefe48e723f72762d1c4d2685962011e3664a,RVL_64
usr\include\rvl,hw.h,2009-08-22 12:40:26,0.57KB,b15e22184cc66bf806c399926206883e52465ba713509cf67dc575ba9cfb9d8b,RVL_64
usr\include\rvl,iop.h,2009-08-22 12:40:26,13.35KB,fe757225f138730a349f9de3fdce82e6ad014180d63c221c11d7c0a6c73d728a,RVL_64
usr\include\rvl,iop_ethtool.h,2009-08-22 12:40:26,1.77KB,cb9c5f1fba92eec1ffcb50422c1c84da9fdd6a9612525220119199a3e42bad5c,RVL_64
usr\include\rvl,iop_icmp.h,2009-08-22 12:40:26,0.79KB,68cd999dfc4610b058cff6b36ad7bab86684542aa4b027dda4c03b04b2c98fd1,RVL_64
usr\include\rvl,iop_ip.h,2009-08-22 12:40:26,1.37KB,c844483f898b00de52c1ad6b8576e4ee582e4215269e6426691f6cea184b34cd,RVL_64
usr\include\rvl,iop_ip6.h,2009-08-22 12:40:26,1.25KB,3d171a91d91db1a616005cd19394c3188058f2618f5b682cd614f8100b6c2784,RVL_64
usr\include\rvl,iop_ipdns.h,2009-08-22 12:40:26,2.01KB,6e42bac76750ff5feb7ed770558a614c1cdb55ba27ffb6bf59687368defe4297,RVL_64
usr\include\rvl,iop_netif.h,2009-08-22 12:40:26,6.61KB,e7745be3bab4f1091a71c5df300a869a91b16f7c72d37625cc285ba864810554,RVL_64
usr\include\rvl,iop_os.h,2009-08-22 12:40:26,0.81KB,955f077d436f06c2485289e04d507f93aae9b227024e0e6daaabd5762e98bdc5,RVL_64
usr\include\rvl,iop_resolver.h,2009-08-22 12:40:26,1.38KB,d259b86b0fd6f0010396bb023f2a0a7724d565296f927ee68234cdd2eb782044,RVL_64
usr\include\rvl,iop_sock.h,2009-08-22 12:40:26,4.76KB,06c117a4672d6df0661487554a9c79f03086f0f9c602c9695f894652939f144f,RVL_64
usr\include\rvl,iop_types.h,2009-08-22 12:40:26,1.31KB,d640e8f70a21ab0b5770544299584e3d38a6e8bb7df998ee90fe085b5968fea5,RVL_64
usr\include\rvl,ios.h,2009-08-22 12:40:26,5.51KB,3ee8220980a2a29ab6411568e84e5499269c87e2dc0ed4e2253cef15030aa0fd,RVL_64
usr\include\rvl,iosiobuf.h,2009-08-22 12:40:26,10.93KB,4076a2605e5ebb45f0a465c43e4a77d29531647919cd6f7ac8073a869878d17e,RVL_64
usr\include\rvl,iosresource.h,2009-08-22 12:40:26,2.01KB,7aa590ab33010bfd85f0ff9bf8f02145d1b0f59efad46647a8203dc4d489f36e,RVL_64
usr\include\rvl,iostypes.h,2009-08-22 12:40:26,7.95KB,ee12479ac417996a5ba3a3c800dc379026bcd2e0d5c3f202c983cc2fc2883689,RVL_64
usr\include\rvl,iosusb.h,2009-08-22 12:40:26,2.89KB,71c8f5388b87ec5a2df3fd567de2acce29461cdbe61555814feab7da7d1a64e9,RVL_64
usr\include\rvl,iosusbtypes.h,2009-08-22 12:40:26,5.99KB,b3ac74ba805e3b1ec536843faa1890a579d785d316e2c33ddedd54f50828c1f6,RVL_64
usr\include\rvl,io_reg.h,2009-08-22 12:40:26,127.21KB,4baead8400853d1cfab6375505940469f4a79576f061834b0e5ad58bb8e7c0fb,RVL_64
usr\include\rvl,lomem.h,2009-08-22 12:40:26,3.86KB,22487fee253c814c87268c55ad3efb213e369bbe3bde5f52a2719aa567dc64af,RVL_64
usr\include\rvl,lomem_12M.h,2009-08-22 12:40:26,1.94KB,373e7f58e1d1291b51ce040209de0ed38c8cf7bd2dcc24319b6edcb206150e3d,RVL_64
usr\include\rvl,memmap.h,2009-08-22 12:40:26,1.93KB,6bb8ab42b35bc245d3a16c246997fd842774ce67df3865181ab6f6ac5a612ad1,RVL_64
usr\include\rvl,mem_reg.h,2009-08-22 12:40:26,77.94KB,bb779c36d38962fdec6b629fa81216d1366010ae635497fe0053c9901bd0f684,RVL_64
usr\include\rvl,mini_ios.h,2009-08-22 12:40:26,3.86KB,58d4fc9b24cf55ddb4e0802fa115b102554f7e881edc5a5bc156c05986c236ec,RVL_64
usr\include\rvl,mini_swi.h,2009-08-22 12:40:26,2.71KB,a0808dda4f990bafbc3cb96a5aa1ee304d3f21763d0e2dd0d0e1e931326cce7b,RVL_64
usr\include\rvl,mini_syscalls,2009-08-22 12:40:26,3.0KB,dbf93b5a7ffec790c6278311fac9c5685eaac5f4ebb277d8eb548531c94c3a44,RVL_64
usr\include\rvl,mmu.h,2009-08-22 12:40:26,4.7KB,cf8fc6ffcea5190c749d807b3ddc1fa3d618864ab644af022e972f5b57d5b476,RVL_64
usr\include\rvl,nvram.h,2009-08-22 12:40:26,3.41KB,8afd46220eb1e99c498f3b6d3fcbde47055bd7fbc6f86920b27784201102cd8b,RVL_64
usr\include\rvl,ohci.h,2009-08-22 12:40:26,8.39KB,051d69ab5d823838c76cde4bcc6f599b30282fe12693308c4b71df572812d506,RVL_64
usr\include\rvl,ohci_regs.h,2009-08-22 12:40:26,12.19KB,7a7f66f6e9d589ca2c812f9c88585e9e86c99332d3ecded236d040ef500fd6d0,RVL_64
usr\include\rvl,ohci_types.h,2009-08-22 12:40:26,2.54KB,456477af872c025fa324ee87cbbda797d5554f54bfe97a2abaff6f2c65aa1fa5,RVL_64
usr\include\rvl,priority.h,2009-08-22 12:40:26,1.81KB,a6980064d456103c0a78ffe466ece585d6081ce3ac5ed99476bf7694a4447546,RVL_64
usr\include\rvl,rpc.h,2009-08-22 12:40:26,1.05KB,01c784720884a3104a3c9f6adf901385f3ad501f1f5824cc2681f3f1ebce0f84,RVL_64
usr\include\rvl,rvldv.h,2009-08-22 12:40:26,0.61KB,7e706473e7e6467a6bdae21076119c86326262a264950e576638a59763d56acc,RVL_64
usr\include\rvl,sdi.h,2009-08-22 12:40:26,6.38KB,60577e46208bc4723402e965387370b2425a5abb965ec01c2f7a18bf697532c6,RVL_64
usr\include\rvl,sdio_api.h,2009-08-22 12:40:26,14.19KB,0277682e8940140bf4e0ab00f17ae64589d467dbd27066564349497ce7ec05c0,RVL_64
usr\include\rvl,sdi_host.h,2009-08-22 12:40:26,8.73KB,85d99f416b73b4719995c8f2f003b5e324aebc86720efcb369e6d601107be244,RVL_64
usr\include\rvl,sdi_ops.h,2009-08-22 12:40:26,5.41KB,83cf8b3a28103d518e51e0d9883f3c7534b5b9606e112a01141b525e2ff38ab0,RVL_64
usr\include\rvl,sdi_utils.h,2009-08-22 12:40:26,3.37KB,d64ebb18382136640e519fc1077501158e6458e06eb247f30c183fcc00b05f4d,RVL_64
usr\include\rvl,sd_api.h,2009-08-22 12:40:26,4.35KB,f8718185898a18bc05074c34b093b2c551a545667804142f0edebb73c2e2218c,RVL_64
usr\include\rvl,semihost.h,2009-08-22 12:40:26,1.14KB,9625080c7959b2209922a8921945ce316847be4d2409096c57073c1acd426539,RVL_64
usr\include\rvl,socket.h,2009-08-22 12:40:26,25.01KB,8473c52a6dd878b5fc1c988726d40a0d231e1b151b807d1c8b27af67f618c990,RVL_64
usr\include\rvl,swi.h,2009-08-22 12:40:26,5.57KB,a0aa8ab8ade2d197e1de3537739c2acdd9c7427d1bddbd3f1901f91a1cab1c9e,RVL_64
usr\include\rvl,sys.h,2009-08-22 12:40:26,3.19KB,b174ec65c455088cb45846097e40ab8caba88e92b7bea80dbd4449022695d79b,RVL_64
usr\include\rvl,syscalls,2009-08-22 12:40:26,4.38KB,317fa146daba1c9ee9ced4db9bbafda1920dd0bdeebace4d8ecd19a33c916465,RVL_64
usr\include\rvl,syscalls2,2009-08-22 12:40:26,0.16KB,deadc8b7dcb94f27b911d15c7fa25aa00bf5f82fc52d9e3c2f5b92e1846891da,RVL_64
usr\include\rvl,trace.h,2009-08-22 12:40:26,1.03KB,889dac7fc118502130a16091eb1f5327b54b58e0f0d5f4df50b1a998cc4dccd8,RVL_64
usr\include\rvl,types.h,2009-08-22 12:40:26,1.11KB,28389c535dc03856a26d95dadea8daefb0d7b40197b715d7ce9f6edf38e289d6,RVL_64
usr\include\rvl,usb11.h,2009-08-22 12:40:26,8.27KB,7a94ee66e68047641052d159d47ad67465e0c1c214231f6da4e8ed7c949a692e,RVL_64
usr\include\rvl\diag,aes.h,2009-08-22 12:40:30,1.65KB,cdb0e4b95d3ef553f8fc100a1aafcd2fa37a0fb0037009171868b0df384766da,RVL_64
usr\include\rvl\diag,aes_api.h,2009-08-22 12:40:30,3.67KB,92a3934022d4f9cce644c93245b7092692bdd2f4e4b47724c85f550bd613cdf1,RVL_64
usr\include\rvl\diag,aes_hal.h,2009-08-22 12:40:30,1.6KB,e6f716d256e7cfc43b130d863bf19f2211876e5863bf0434bd64af2d57eeccd0,RVL_64
usr\include\rvl\diag,aes_imp.h,2009-08-22 12:40:30,0.92KB,7e4ac286c5841e361cc19c2420a7200b9fba27feefa8fe44b3801c34c3c03c77,RVL_64
usr\include\rvl\diag,aes_sha_sw.h,2009-08-22 12:40:30,0.91KB,5938d98748aaf59aaa34b1651aae9f6349e925dedc8d24a54e8dbd6c2da47d87,RVL_64
usr\include\rvl\diag,aes_sw.h,2009-08-22 12:40:30,0.79KB,bba9d933f7653b7b4feccd4cda4a7f9c5d9d5cbd079a64aae2d58848cf1d66e5,RVL_64
usr\include\rvl\diag,aes_test.h,2009-08-22 12:40:30,1.59KB,451b64038a784ad31952a75d8fbe534db86ad6a5a905e5af9108e9eb74c83b99,RVL_64
usr\include\rvl\diag,diag.h,2009-08-22 12:40:30,1.54KB,1c5bd072e4b5cab4d1101e2ea15ba9f095e62f270e5fb58039f014287353747c,RVL_64
usr\include\rvl\diag,getopt.h,2009-08-22 12:40:30,1.25KB,3e8898b0150d7144a67b4a3d95365dbfc34220ddc6202068fc1be9cf1175b188,RVL_64
usr\include\rvl\diag,int.h,2009-08-22 12:40:30,0.64KB,0aa5f7b4dd9465de9bd65f8b970ba5944dd3bf3bd7eda1f5e04ba2cdb9121de9,RVL_64
usr\include\rvl\diag,iop_utils.h,2009-08-22 12:40:30,0.73KB,415898753929d906233f6e1c1efe5aca2220f425a538917fce512507d225ac8d,RVL_64
usr\include\rvl\diag,mmu.h,2009-08-22 12:40:30,4.92KB,eaf6d4a4ac67e92e520a6a974fa18cb2d4d4c81f3f431bdafc0128ac6bb260f5,RVL_64
usr\include\rvl\diag,proto.h,2009-08-22 12:40:30,1.87KB,1e74c2dcd429c2dd472b82901ce01b14936b5d3d03ff062f735f18ce450e44c5,RVL_64
usr\include\rvl\diag,sha1.h,2009-08-22 12:40:30,1.17KB,f0516978ee34189bd6236f8044b2767c95fdbe968d52dda097a659b3b99759c1,RVL_64
usr\include\rvl\diag,sha_hal.h,2009-08-22 12:40:30,1.13KB,08e6a720e4eadaee264cba2b8025cd44d6a53c2b91d1690c10b76707e4ed8be2,RVL_64
usr\include\rvl\diag,sha_sw.h,2009-08-22 12:40:30,0.64KB,d181c2ade28e8445c70f271fe016242ae54d8fa21c55b16061611424ba4a636a,RVL_64
usr\include\rvl\diag,sha_test.h,2009-08-22 12:40:30,1.44KB,793311074e343e2db2e5f43aa8bc3227ac4ba1775d1ed815f5a53e80918a24cc,RVL_64
usr\include\rvl\diag,trace.h,2009-08-22 12:40:30,1.07KB,f325c8ecd6b43101d8a7efbebf993035725be44d06011ab0c207daa356fee631,RVL_64
usr\include\rvl\net,iop_alarm.h,2009-08-22 12:42:06,1.54KB,0a760af820edf0d1fff82ec88e9e7b7714084ee4ef22bb9dda06c5f2f246be7c,RVL_64
usr\include\rvl\net,iop_ethtool.h,2009-08-22 12:42:06,1.77KB,cb9c5f1fba92eec1ffcb50422c1c84da9fdd6a9612525220119199a3e42bad5c,RVL_64
usr\include\rvl\net,iop_icmp.h,2009-08-22 12:42:06,0.79KB,68cd999dfc4610b058cff6b36ad7bab86684542aa4b027dda4c03b04b2c98fd1,RVL_64
usr\include\rvl\net,iop_ip.h,2009-08-22 12:42:06,1.37KB,c844483f898b00de52c1ad6b8576e4ee582e4215269e6426691f6cea184b34cd,RVL_64
usr\include\rvl\net,iop_ip6.h,2009-08-22 12:42:06,1.25KB,3d171a91d91db1a616005cd19394c3188058f2618f5b682cd614f8100b6c2784,RVL_64
usr\include\rvl\net,iop_ipdns.h,2009-08-22 12:42:06,2.01KB,6e42bac76750ff5feb7ed770558a614c1cdb55ba27ffb6bf59687368defe4297,RVL_64
usr\include\rvl\net,iop_libc.h,2009-08-22 12:42:06,0.91KB,218eac64b45df1fd136e2df5fb7121096010fd8da3299c8914d34b6eca96eca4,RVL_64
usr\include\rvl\net,iop_mem.h,2009-08-22 12:42:06,1.17KB,9911cf9559f92d9a8f52d1f92761b12063d5b3f0d5fd402f04943445590b3400,RVL_64
usr\include\rvl\net,iop_mutex.h,2009-08-22 12:42:06,1.11KB,119e892aca38299d10925e037a317744e09a7700cc4dc90fce4251bd91480043,RVL_64
usr\include\rvl\net,iop_net.h,2009-08-22 12:42:06,2.71KB,8b18b9d30f7c8c74311852a4ae99ac358bbcaba5b9c85e0b7603eecbafab65b0,RVL_64
usr\include\rvl\net,iop_netif.h,2009-08-22 12:42:06,6.61KB,e7745be3bab4f1091a71c5df300a869a91b16f7c72d37625cc285ba864810554,RVL_64
usr\include\rvl\net,iop_os.h,2009-08-22 12:42:06,0.81KB,955f077d436f06c2485289e04d507f93aae9b227024e0e6daaabd5762e98bdc5,RVL_64
usr\include\rvl\net,iop_resolver.h,2009-08-22 12:42:06,1.38KB,d259b86b0fd6f0010396bb023f2a0a7724d565296f927ee68234cdd2eb782044,RVL_64
usr\include\rvl\net,iop_sock.h,2009-08-22 12:42:06,4.76KB,06c117a4672d6df0661487554a9c79f03086f0f9c602c9695f894652939f144f,RVL_64
usr\include\rvl\net,iop_thread.h,2009-08-22 12:42:06,2.36KB,e85da3b189dc9ac0f73cfb09f0d07c27fb0d59f8d4faeed7949605d949463775,RVL_64
usr\include\rvl\net,iop_types.h,2009-08-22 12:42:06,1.31KB,d640e8f70a21ab0b5770544299584e3d38a6e8bb7df998ee90fe085b5968fea5,RVL_64
usr\include\rvl\net,socket.h,2009-08-22 12:42:06,25.01KB,8473c52a6dd878b5fc1c988726d40a0d231e1b151b807d1c8b27af67f618c990,RVL_64
usr\include\versa-ios,rvl_iop.def,2009-08-22 12:41:58,148.33KB,fdb09573978988610a50ea449aaa486156d39919090c0415a74dcbdcbaf52fb6,RVL_64
usr\include\versa-ios,rvl_iop.h,2009-08-22 12:41:58,1140.19KB,f4dcae211e105e9cebb1a42d1e7a92722d9d2ebf1b1149554a619bcf715e4c8a,RVL_64
usr\include\versa-ios,versa_arm9.def,2009-08-22 12:41:58,26.59KB,6ba5b982c8c720500c6c1ba41d244bff50a5c340d843c4a1db0d7d8e7c5a58e8,RVL_64
usr\include\versa-ios,versa_arm9.h,2009-08-22 12:41:58,220.02KB,0afd7277f9a302e4e884e4d7dbf6a1d48254e2b563b5705250893b82c3e1c0eb,RVL_64
usr\include\x86,addr_map.h,2009-08-22 12:40:30,3.5KB,463503e7a8441def944b60f7cfc6b3eda85fddfd638d3cef50fe0a7405151575,RVL_64
usr\include\x86,elf.h,2009-08-22 12:40:26,98.81KB,a018ee267fcc0c3a1483b50a64db033a4136e3cb6ec55df68a5d6114b756259f,RVL_64
usr\lib\rvl,crt0.o,2009-08-22 12:40:48,0.81KB,fd26eba73332a6cb296c8bce0fe454e4f882c03dee4b39f53f505148f79dfd0f,RVL_64
usr\lib\rvl,crt0_noOS.o,2009-08-22 12:40:48,0.88KB,8ea8a9c888c5020749296ea0f4a0ada3e765beaf7c319bdfd4364b1c51ba842a,RVL_64
usr\lib\rvl,ddr.link,2009-08-22 12:40:48,0.46KB,48d61d66d50a9f3d8b44be20ed6e9edfdb21253608657d7cbc1ba5be666b4b71,RVL_64
usr\lib\rvl,libapputils.a,2009-08-22 12:40:50,66.72KB,78a1d784be46ba8d72321868f7f4a6f7590050c8f022cd5d098d16b649a7bf5a,RVL_64
usr\lib\rvl,libapputils_fast.a,2009-08-22 12:40:50,66.72KB,dd37a84d8c554990b181a26d7e22707c307a21e8802e068ee3911ec5bb6c394b,RVL_64
usr\lib\rvl,libboot1_dev.a,2009-08-22 12:41:50,3.48KB,f6922ed5af4a937e9c9b66fe25a3b0b5f3ca2d1f90e1168755a490e17e519f1d,RVL_64
usr\lib\rvl,libboot2.a,2009-08-22 12:37:42,14.21KB,28941c0d5fa85bf62dbabb41bfac85c4f687750ddb01c8df22f6ce688c0a883e,RVL_64
usr\lib\rvl,libbsl.a,2009-08-22 12:37:32,17.94KB,ce613c5cd70ab5a708e2ed314e16df4dd2ebabc522fa8f3cb40efd01c6dd6b6c,RVL_64
usr\lib\rvl,libcsl.a,2009-08-22 12:37:34,53.83KB,9ea57a0afd91a143991cd283298c44587ce3022eac130c9c1010e810169ecf4c,RVL_64
usr\lib\rvl,libcsl_dev.a,2009-08-22 12:37:34,53.76KB,e5c89b3587a85b49561e14813afee493cef90d92718accd190c26a1ff86fdb27,RVL_64
usr\lib\rvl,libdi.a,2009-08-22 12:40:54,15.69KB,216222d403b337776eaf45590e53f3a47c8352e9085052e72706ce01e324957d,RVL_64
usr\lib\rvl,libdiagutils.a,2009-08-22 12:40:46,45.66KB,bf4aa2b5a8eddb9aec35aa67f98747d2ab5bf1ed2b7c4f02a4c63e646c819616,RVL_64
usr\lib\rvl,libdi_prod.a,2009-08-22 12:40:54,15.76KB,571e9c5a6445ebf443b4d7a70dd88c68c83896a3ff6614538e3688660a8c034f,RVL_64
usr\lib\rvl,libee.a,2009-08-22 12:40:48,5.53KB,9ea545a1d9619c129978a0bceabf46e0ce2febcfa0a72442c71f54201659dc45,RVL_64
usr\lib\rvl,libes.a,2009-08-22 12:37:34,14.37KB,93b3c4b5aab04428038567c16dfb1132ee4c660c04528a053622617156f74fb8,RVL_64
usr\lib\rvl,libintes.a,2009-08-22 12:37:38,60.98KB,3dfc77730dcedd30e2107b1155b1c93c53057a23f2ec973f1edf4bda705bba0e,RVL_64
usr\lib\rvl,libintflash.a,2009-08-22 12:37:42,10.38KB,8194825c075331ce2141719e6932f6f96eb4e994a3ce2dbdac4e40e03630dd2c,RVL_64
usr\lib\rvl,libintfs.a,2009-08-22 12:37:42,34.18KB,c5ab7cf01853224e36908fa1e32fb1a07ceccb13d1e08c81773826a776e71a71,RVL_64
usr\lib\rvl,libios.a,2009-08-22 12:40:38,9.08KB,281317f8dc8d6ad93df823847440390d65cf0751a95a342745c75ac1d2ec1a60,RVL_64
usr\lib\rvl,libiosc.a,2009-08-22 12:37:36,3.41KB,8fe967bc4e91180bfc3fc271611380ab8c4e31407ef5bdb00783e0991afbbc99,RVL_64
usr\lib\rvl,libioslibc.a,2009-08-22 12:37:36,39.33KB,2fc292473f8670492f481c8555807e246c291657da0d6df4d9b02998de54fa83,RVL_64
usr\lib\rvl,libiossh.a,2009-08-22 12:40:50,6.42KB,6f039e6f6ec255e9c3bedb9efd42a1d810f06478f7b6adba2868a75ebbbc6991,RVL_64
usr\lib\rvl,libisfs.a,2009-08-22 12:37:34,5.72KB,0266568a65548d116a18895e83d378cfb5cef3f7653e9fad727fd215f1ab1933,RVL_64
usr\lib\rvl,libminiusb.a,2009-08-22 12:41:06,2.77KB,b7d245d71a231148aeea52da283802348d18617460c2a59018ae5f009b8ce1f9,RVL_64
usr\lib\rvl,librvldv.a,2009-08-22 12:41:34,1.04KB,64b728f2b66c07e990f5b42871090722fe7d6cf7a09176dfcdee3b6ce19f2f14,RVL_64
usr\lib\rvl,libsdi.a,2009-08-22 12:40:46,9.78KB,b0f923bc88a89b86b74f3225f95399ca622bc5277075ec1a752ba478b6388dd7,RVL_64
usr\lib\rvl,libsock.a,2009-08-22 12:40:46,13.92KB,90f8357c94688246b1ddd29cc0d686cddc2b831a757f25fba116863a989e7173,RVL_64
usr\lib\rvl,libsys.a,2009-08-22 12:40:44,56.65KB,6b9497ff9cdb9999badf6e0ad32dae79fdc96e4ffb981d88f5b7d3a5772744bb,RVL_64
usr\lib\rvl,libusb.a,2009-08-22 12:41:06,5.38KB,84fac6f4b5a68c89d6ffd5b4e7d24495dbaf47d32076d7184f40adeeca286cbb,RVL_64
usr\lib\rvl,sdram.link,2009-08-22 12:40:48,0.54KB,3876cde5e8c2f7407c72e9dd004e783a852004620352d8c0822501a0b4a9d70b,RVL_64
usr\lib\rvl,stdalone.link,2009-08-22 12:40:48,0.54KB,42d1c0690a0bb5fba840a4513513eb0956e90e56ef39cf204a48edc552a7ff20,RVL_64
usr\lib\versa-ios,libsys.a,2009-08-22 12:40:44,56.65KB,6b9497ff9cdb9999badf6e0ad32dae79fdc96e4ffb981d88f5b7d3a5772744bb,RVL_64
usr\src\apps\common,apputils.c,2009-08-22 12:40:50,4.0KB,0d7e92ca053a9d5c2c539f47b57994a28571a1b54a202f81efef175f9f4eed00,RVL_64
usr\src\apps\common,apputils.h,2009-08-22 12:40:50,1.44KB,050d801faf65eb7f648a23602401564bcd3eb78a9dd652b6bde540b3c33801e2,RVL_64
usr\src\apps\common,bindump.c,2009-08-22 12:40:50,1.23KB,de42af681e60bffa603047d8d3335f8fdf18cf1f7f3661faeb41a3426425fead,RVL_64
usr\src\apps\common,binload.c,2009-08-22 12:40:50,0.96KB,9227c86046218051b95583e0c72119d59986ceb7b461aec08c7bebb5b882cb69,RVL_64
usr\src\apps\common,cache.c,2009-08-22 12:40:50,12.8KB,2806173c380f358b007726b24382e4d517f2b67951e25c60c7c3dce35c7fbd78,RVL_64
usr\src\apps\common,cache_lock.s,2009-08-22 12:40:50,4.67KB,087cefd227c42031feca63b9915deb082e85843abda87425c61585e180d9f08e,RVL_64
usr\src\apps\common,dolload.c,2009-08-22 12:40:50,2.83KB,1c9ccf21bd495d1a24ed24753e6b7f78d7e61876bf3aea2b08c9be239f355f0e,RVL_64
usr\src\apps\common,elfload.c,2009-08-22 12:40:50,1.88KB,b2dd6b4928e7885b3756153e70d62e46d4a42021798e7445257e7b3998c8aa84,RVL_64
usr\src\apps\common,flash.c,2009-08-22 12:40:50,41.9KB,717d6ede4b99ea2ea8db4d47e453759a859a523d0f133f5e81f79e40b5aef316,RVL_64
usr\src\apps\common,fl_ops.c,2009-08-22 12:40:50,95.86KB,0490da85fee48502ab16150ea895f85108e804d250b7843e106b5612c8197c96,RVL_64
usr\src\apps\common,little2big.c,2009-08-22 12:40:50,0.87KB,2dc36d43aeb94130a7ce635a25d630889037a15f0c1c25bd4690d3ed548bca53,RVL_64
usr\src\apps\common,Makefile,2009-08-22 12:40:50,0.6KB,d49016b636f5b40ebc552f0c655626d5db371fec80d02864f96360dae36aef73,RVL_64
usr\src\apps\common,memory.c,2009-08-22 12:40:50,1.58KB,832fe2ad6009da5a4ccf2cbece4851fadc4c33415ed226afd63f7ace9ba11d84,RVL_64
usr\src\apps\common,minimon_bindump.c,2009-08-22 12:40:50,1.19KB,4e90e8225578caac367ea1a50e088a50cf1623a0a45abda69863cbc0ce589b3b,RVL_64
usr\src\apps\common,minimon_binload.c,2009-08-22 12:40:50,1.22KB,f561443bab51c8a1f910f41c4c2f4ff19b18a90a978334d6d6b7ef587027d325,RVL_64
usr\src\apps\common,minimon_elfload.c,2009-08-22 12:40:50,1.52KB,1d36bfd57fbf7917a01487a00ae0ac4b49dd0ddc828b4c7b58347e478e06b1df,RVL_64
usr\src\apps\common,minimon_hwinit.c,2009-08-22 12:40:50,0.94KB,69f0c81c8f2c48c634d0d444f7b56e4a83907bd24c4f5831894ebdadda88736e,RVL_64
usr\src\apps\common,minimon_ioprun.c,2009-08-22 12:40:50,0.82KB,6afcb96aebe222b44e277270ff353025ac76cc80b65981b221be42046f406cbe,RVL_64
usr\src\apps\common,minimon_mem.c,2009-08-22 12:40:50,6.08KB,ae82348c12fb7683db193cb3219c291679175122e00e93cbe1be33821164125c,RVL_64
usr\src\apps\common,minimon_osrun.c,2009-08-22 12:40:50,0.91KB,c0ba69a586568c7420047fcfec06dcc87233a808f985409fddf8d3e3f95eaf59,RVL_64
usr\src\apps\common,mmu.c,2009-08-22 12:40:50,2.93KB,e6199d4dc7dfc31d3827d96195b6dfbf432c8aa3484b7901a2647c48177c35e7,RVL_64
usr\src\apps\common,mmu1.s,2009-08-22 12:40:50,10.95KB,888336ee92b29301915214ca63c2fead7740a9c8970491ccdce4efab6e34a997,RVL_64
usr\src\apps\common,mmu2.c,2009-08-22 12:40:50,6.14KB,e9a9045c1438ff46191e7472715c884e86c059eed4c99018bffcfb82b16c832d,RVL_64
usr\src\apps\common,ppcboot.c,2009-08-22 12:40:50,2.48KB,e777c9103c6127b1d61a0527de4ff1c57b0b80184e07f376d90968a58f214cb2,RVL_64
usr\src\apps\eemon,eemon.c,2009-08-22 12:40:52,16.77KB,4776f4d5b9b24cff629ab534598bee6ae7f7c4993346afd918cd8447a3428f52,RVL_64
usr\src\apps\eemon,Makefile,2009-08-22 12:40:52,0.54KB,30d272cf863aa56593a85c2dac01697aeae1fa484912ea8b75213e05d6672ff6,RVL_64
usr\src\apps\minimon0_sram,init.s,2009-08-22 12:40:50,1.81KB,6254bbce1fee6ae2ed7ed6c7d9caaf7d46b38c1a9f7d557525fef703593fec06,RVL_64
usr\src\apps\minimon0_sram,linker.dat,2009-08-22 12:40:50,0.73KB,f3c2cf323282fedb6a8d7dcd6b3aca09ee258b111fab230008d02626fc9af2e9,RVL_64
usr\src\apps\minimon0_sram,Makefile,2009-08-22 12:40:50,0.82KB,76499d682554df108ba69f487166c086440f5856ebf0d96fbb08ba16b736dda3,RVL_64
usr\src\apps\minimon0_sram,minimon0.c,2009-08-22 12:40:50,4.3KB,6cdb738a75d805615cb476b6ce2a7571aad32feac558d8381536def8cd88211f,RVL_64
usr\src\apps\minimon0_sram,minimon0.h,2009-08-22 12:40:50,2.88KB,34cb4ab6503d2939f4b0135d4a463a1a8c170b50ee90839348c7aae107d8dbae,RVL_64
usr\src\boot\boot1.diag,boot1_dev.c,2009-08-22 12:41:50,30.02KB,f9eac4f1dd76eeadd49ab728e9cfa257bef1bb2d528b570488101cc56494ed41,RVL_64
usr\src\boot\boot1.diag,boot1_dev.h,2009-08-22 12:41:50,6.34KB,c3942c7eff903aee10290a7839dc150138d670a3d7b0c4d7e204d5304e703fa9,RVL_64
usr\src\boot\boot1.diag,boot1_ppcboot.c,2009-08-22 12:41:50,17.45KB,c8fcf430649c47425748aabcac7ec32273b029c822eaf7e4dbf592689fa057ff,RVL_64
usr\src\boot\boot1.diag,boot1_ppcboot.h,2009-08-22 12:41:50,1.98KB,7beef9cc1364aa86a8da2efe5c76a4e7c59a20c57e287f93af9d007eee7ecadd,RVL_64
usr\src\boot\boot1.diag,boot1_sram1.s,2009-08-22 12:41:50,2.56KB,4649971a1169555de1c7bff7cf00fad00f391cb969a6d01e2d616e7b384cb05d,RVL_64
usr\src\boot\boot1.diag,init.s,2009-08-22 12:41:50,1.55KB,ca5ad048a37c3fda530516ee8552fb9b554414965959d99856f9600b54453c07,RVL_64
usr\src\boot\boot1.diag,Makefile,2009-08-22 12:41:50,2.78KB,095b1edec9451521adf50b6034abd3f0ab51caed4360412d04e16f5b9209d6fd,RVL_64
usr\src\lib\ee,ee_basic.c,2009-08-22 12:40:48,11.62KB,424f108af01f1d44cbe16af9db7ebba756e00f6adc71f6bcf40933ee8f929e9d,RVL_64
usr\src\lib\ee,Makefile,2009-08-22 12:40:48,0.38KB,7088139031048f05fc1b2af9fbf08b6c205b52c987cac27575f6d1779d98dc2a,RVL_64
usr\src\lib\net,Makefile,2009-08-22 12:42:04,0.32KB,5ada5893bc57089d074747d38d3f521c4e68fc5c4cf0bd7cc4fec7d62574aa3d,RVL_64
usr\src\lib\net,socket.c,2009-08-22 12:42:04,35.52KB,c51545d53602f70005affac4ab4e4192f6f3c891dc796bb0f0b5c96828373681,RVL_64
usr\src\lib\sys,ahb.c,2009-08-22 12:40:44,10.93KB,ad0ef7c2d13848d6508f990308c13eac9f6fe91b079ffe8c8ef839b2e1a2e6bc,RVL_64
usr\src\lib\sys,aram_emu.c,2009-08-22 12:40:44,0.8KB,6c8c546d22410973fbd3e4ce9459c8720734701db4abdfcfb81837ab97aecd6e,RVL_64
usr\src\lib\sys,boot_ppc.c,2009-08-22 12:40:44,7.34KB,dbd9edcd30859c5f36d7c289407d93469f1ed2bdccad30068a8408b8f50f5a32,RVL_64
usr\src\lib\sys,cache_lock.s,2009-08-22 12:40:44,2.12KB,6521c2e5f0975295af105f284f089bcc7e6f93636bba6617299536593bc17930,RVL_64
usr\src\lib\sys,compat_reset.c,2009-08-22 12:40:44,1.75KB,bcd9ba26b8f06c9efeb14f31640e86e4e893fd039c734509f3bb9afe7dead98c,RVL_64
usr\src\lib\sys,ddr.h,2009-08-22 12:40:44,5.19KB,84581a7348469b8ed9e01335bb4d763c57a60ee1a3944a342f0454f6283b042e,RVL_64
usr\src\lib\sys,ddr_accessctrl.c,2009-08-22 12:40:44,1.39KB,b0ed970cb14c67e38cf9c733169cf0db1c7e395b7fe82d739555f43c18037d00,RVL_64
usr\src\lib\sys,ddr_memctrl.c,2009-08-22 12:40:44,1.04KB,a3c9b391799f375b18339aa1125775d96992ab6ad97e494d7aa9ce9247d9107a,RVL_64
usr\src\lib\sys,ddr_memctrl_fg.c,2009-08-22 12:40:44,3.62KB,66eb829d4e4673c1a7c7fbf80738b427a9bf36faff2dfcb507125408f686a036,RVL_64
usr\src\lib\sys,distraps.c,2009-08-22 12:40:44,1.39KB,6ad16dc417993f3b86907020e1ae495bb2ec548b49e4f583fce027242dcdd0ed,RVL_64
usr\src\lib\sys,enableICache.s,2009-08-22 12:40:44,1.61KB,6c3a863f14829703d05fb7f05939bd7ca8a3c7d601a6ff5f430c857b9ed4e83f,RVL_64
usr\src\lib\sys,enable_ahbblocks.c,2009-08-22 12:40:44,1.15KB,554b140191eef2c5da3606dddacb055d6aa94e1a1832200938825f72e5dd3eb2,RVL_64
usr\src\lib\sys,enable_chipblocks.c,2009-08-22 12:40:44,2.01KB,4bc3a1416a7f01d94d0bc2556b8275bec0b2853f2bcbdce127c59fa60690d857,RVL_64
usr\src\lib\sys,enable_legacyblocks.c,2009-08-22 12:40:44,0.96KB,e492c6d1ece3ac483e09a9852237d3830c5bb0eeb333ac41ebdf2561bdfef0e4,RVL_64
usr\src\lib\sys,get_chipid.c,2009-08-22 12:40:44,0.27KB,76be0380a338837fe7b7b9535c9658a492d5102922a97c66a5356641b5793fc7,RVL_64
usr\src\lib\sys,get_rsvdsram_start.c,2009-08-22 12:40:44,0.42KB,0b3bc2b1a008206accc92a76996dd7c4525cc467f950b3ee262b707db3250431,RVL_64
usr\src\lib\sys,get_sysclk.c,2009-08-22 12:40:44,1.39KB,adac8bfd41266087b21a0af7a63c1288701e35dc4ff72f2cd4d87a93d921663a,RVL_64
usr\src\lib\sys,gpio.c,2009-08-22 12:40:44,4.38KB,fcd8213a941098dbff109a356f54f364e5b935312f9ca09878fe3676b02bb9f7,RVL_64
usr\src\lib\sys,hwfixes.c,2009-08-22 12:40:44,1.22KB,5da833057b1ccd1b75ba5d5161e4134c9292fd2117523242873aa4f5a822fbee,RVL_64
usr\src\lib\sys,init_aipll.c,2009-08-22 12:40:44,4.42KB,dacd1d3147397dabfa369f311dee0ffb87b1de69b408b4ec903e4c878e196023,RVL_64
usr\src\lib\sys,init_aram.c,2009-08-22 12:40:44,2.07KB,0c928d0fcb6f14d441d48b8636074b7ecf40c5ecdca5cd921f31eb4b3a8bda89,RVL_64
usr\src\lib\sys,init_chip.c,2009-08-22 12:40:44,0.65KB,94a0e724175578af7db2579b0990767a4562dff3bc519d14c48618a3c5e47b10,RVL_64
usr\src\lib\sys,init_compat.c,2009-08-22 12:40:44,5.37KB,062ef0b8022a197c380121ce75e17fb7cbfbc2b5f59e2d6393746249f0a7b930,RVL_64
usr\src\lib\sys,init_ios.c,2009-08-22 12:40:44,1.97KB,81110c6bd971ba846dbf6df60fe67cdaffbdbf3263ebada70fc8ca41361f46e1,RVL_64
usr\src\lib\sys,init_lomem.c,2009-08-22 12:40:44,0.85KB,c6446bfdd9f8ed0a1b2a810302df394526441306f22f55dec7d0e59656c463f6,RVL_64
usr\src\lib\sys,init_lomem_common.c,2009-08-22 12:40:44,2.57KB,c4ea7181aeea0eab9342bfe45c19ac706cd2d1ae28408c4825ec0a80e7585314,RVL_64
usr\src\lib\sys,init_lomem_int.c,2009-08-22 12:40:44,0.98KB,bdea61e73973b9433a7bf4d8d8ae205dc3f45be8a278d6933c6a7fee8c88cb07,RVL_64
usr\src\lib\sys,init_mem.c,2009-08-22 12:40:44,28.25KB,d0f2d5d9c8eae917aeb4e90dd6f71c1c3ea624953c66927d6db877365a45f9d6,RVL_64
usr\src\lib\sys,init_sec.c,2009-08-22 12:40:44,0.54KB,a79083cb723df442768d76198d6976a6dfc35786614a4c5919401a8d07c4fd60,RVL_64
usr\src\lib\sys,init_sysmode.c,2009-08-22 12:40:44,0.34KB,10522dd1ac9c8942c19c15dc9176c4b69b4814d595b24626c62f50dcb3587fea,RVL_64
usr\src\lib\sys,init_usb.c,2009-08-22 12:40:44,2.51KB,3f72130f33c6df048f668b2dcefbc91e951ba090a5b20c95e0820d128482fc14,RVL_64
usr\src\lib\sys,init_usbphy.c,2009-08-22 12:40:44,1.76KB,42b26c9bcf189012428395d04fadd98b45ef47e3dd827e5f21656c2307a5df3b,RVL_64
usr\src\lib\sys,init_usbpll.c,2009-08-22 12:40:44,1.02KB,00b96984ff21dd7633de95bd9ee648717ebfeafcf7681d64a9751ddfca9ea480,RVL_64
usr\src\lib\sys,init_usb_ati.c,2009-08-22 12:40:44,3.35KB,79c8c37d10488311745d2936785563603e98436c2169ec60869c7e3378235be6,RVL_64
usr\src\lib\sys,init_vipll.c,2009-08-22 12:40:44,1.26KB,ff32791f8733c6ee7348801246f55436ccba0fe81b7f99a9274cf081e1e6b5c9,RVL_64
usr\src\lib\sys,invaliICache.s,2009-08-22 12:40:44,1.01KB,a239f59cb55f630d137963f941f9366ac02855336d0fe323adc05bb827c5a405,RVL_64
usr\src\lib\sys,Makefile,2009-08-22 12:40:44,1.39KB,ed94951b6fb0249f3afaf9dcad7ec59ae29ae6c0adf8388a42d56e7085b79277,RVL_64
usr\src\lib\sys,mem.c,2009-08-22 12:40:44,1.46KB,a8b8c5a5e4d38bbe359e2c952a4b7bc7050ee82d2a7b0ca196d7f4cfa41208d9,RVL_64
usr\src\lib\sys,osversion.c,2009-08-22 12:40:44,0.93KB,5867d41cd847bb5753672e6ce01774ce44446d4e56b4ed63894e9fd97340bc55,RVL_64
usr\src\lib\sys,refresh_napa.c,2009-08-22 12:40:44,0.22KB,ad57b6b92ed81a9e7a467d757f96bcb7f9964bb13591f14fdab313a987a2e9c3,RVL_64
usr\src\lib\sys,refresh_napa1.c,2009-08-22 12:40:44,0.56KB,38b0ea7f4b28ec4d511eb2eed0ad1794f9261e0aa091146e00a91c2e4ccd6c8b,RVL_64
usr\src\lib\sys,regrdwr.c,2009-08-22 12:40:44,1.55KB,643bab81b1eeccf252ab9bf67a9ffbb2688dba8af6285f3d8fe863102c8d9984,RVL_64
usr\src\lib\sys,reset.c,2009-08-22 12:40:44,0.43KB,9c0fedd3658a63f882bea4bc7aea50cf4ece84394d5218bf5813514c401366f8,RVL_64
usr\src\lib\sys,reset_ahbblocks.c,2009-08-22 12:40:44,1.04KB,9a9f9aeb67edb511e403dc8767c0c04627e5e12f036e2e1c62b8bbdd0bf8fd56,RVL_64
usr\src\lib\sys,reset_legacyblocks.c,2009-08-22 12:40:44,0.91KB,79aa5a6719edf579f6c83e928748e371850a1e715e56210d6155699bb9843c77,RVL_64
usr\src\lib\sys,setup_exiboot.c,2009-08-22 12:40:44,3.96KB,fefcec4332653e6a8781a7a4c4ae6c4e7e6edaa9e9c1853207333ba44cb57acf,RVL_64
usr\src\lib\sys,set_ahbiopi.c,2009-08-22 12:40:44,0.72KB,ec2189d0ddcac4cd6616fab6e8326bda822736ebc2202dd13ee3a42692a94719,RVL_64
usr\src\lib\sys,set_ppcacrperms.c,2009-08-22 12:40:44,2.04KB,a34eab3673af1d16d0f63acd426cd13339b13d246071794011c05de30f78c9ae,RVL_64
usr\src\lib\sys,set_rgb.c,2009-08-22 12:40:44,5.33KB,fbef65827e9ba2ef0389f34939a6c3f11e185f8de33e0ecdb847c5a4f8495986,RVL_64
usr\src\lib\sys,set_ss.c,2009-08-22 12:40:44,4.49KB,a9b6e8abd8949757cf8adf1e1656510f8abc328110e09866df2fa70a74d61273,RVL_64
usr\src\lib\sys,sys_int.h,2009-08-22 12:40:44,3.89KB,232cb418c54f352e4519811a207f84a604558048b08627ce2d0d25ef6d138fac,RVL_64
usr\src\lib\sys,udelay.c,2009-08-22 12:40:44,0.91KB,cc3868685eb8cee37381a8275431bc24b69d4c7f5e9b501eda558eef19e4351a,RVL_64
usr\src\lib\sys,us_to_ticks.c,2009-08-22 12:40:44,1.06KB,69bb5030229c7a3cc9b1b69164e2f60a03dbefdd1160d396c7892bc8224b6a50,RVL_64
usr\src\lib\sys,wrk_around.c,2009-08-22 12:40:44,3.67KB,2a1764965985ad0feda759286811e847b9dbc2e4238bb5edfff388bfaf603244,RVL_64
usr\src\os\di,debug.c,2009-08-22 12:40:54,5.98KB,1adf538cc0997999542b55950a3a490ea15e1400a4a2b7d385f238325d026a81,RVL_64
usr\src\os\di,debug.h,2009-08-22 12:40:54,1.14KB,397236d3944846358a75228850c7504c1cedc89c97abb030af1da8550014a40a,RVL_64
usr\src\os\di,di_boot.c,2009-08-22 12:40:54,1.36KB,1f80a5c5bea38b566d64944a85f8f072677f120b471c5c0887f6e7618f3d199c,RVL_64
usr\src\os\di,dvd.h,2009-08-22 12:40:54,2.56KB,2e452e34b82ef240d449936948886651611058991938c39826f3fb4ff9b83880,RVL_64
usr\src\os\di,dvd_command.h,2009-08-22 12:40:54,2.2KB,03418f50fd0a80be4c9d7e7dab0f68eb2ef16cd08eae0ce3c7267f2d979b46f1,RVL_64
usr\src\os\di,dvd_driver.c,2009-08-22 12:40:54,40.53KB,16f97cf4325d5b55851dc7505ee407615044e1bfa8371d3a504deb53209d9980,RVL_64
usr\src\os\di,dvd_driver.h,2009-08-22 12:40:54,1.73KB,4fe8352b673cb869e7ba8446876a28087c77a97bb36c874f6a5709142b1f6124,RVL_64
usr\src\os\di,dvd_hw.h,2009-08-22 12:40:54,7.52KB,aa874e14f276521e25031db4bacc804c70282ec10a9f247056542eeef5a85214,RVL_64
usr\src\os\di,dvd_hw_reg.i,2009-08-22 12:40:54,6.85KB,51ce651958eeb09776ca2d1941529363aa4e45783a6f7f831e3fae4d7a9dfe00,RVL_64
usr\src\os\di,dvd_low.c,2009-08-22 12:40:54,48.53KB,4f9e228c983788fc606bea00d688e3c8ab11afcc81023ca53b5dfbc723b30709,RVL_64
usr\src\os\di,dvd_low.h,2009-08-22 12:40:54,2.19KB,92850350abb659bc525001444e97e947af7739a77035aef40b624f24f28400ac,RVL_64
usr\src\os\di,dvd_low_rvl.h,2009-08-22 12:40:54,3.11KB,f7ca7c56ce20fa212ab404055ed831153d75f16ee68cb84c01778bc10e30750e,RVL_64
usr\src\os\di,dvd_mem.h,2009-08-22 12:40:54,0.89KB,55fbcc345c3413d11c5cfbc163c186953287522e065832066968b91f372cc676,RVL_64
usr\src\os\di,dvd_rvl_mem.c,2009-08-22 12:40:54,4.45KB,324c34644eccd9414ee8990ff548039ddeb8b0ef3a7571e83c5e9e95ed4a553e,RVL_64
usr\src\os\di,endian_macros.h,2009-08-22 12:40:54,0.72KB,83a07431ca81b36a38c8ff524edf997c2fcdc61c873645f310abe0d3fe064b34,RVL_64
usr\src\os\di,flush.i,2009-08-22 12:40:54,1.13KB,7f6b9012598d462442c88cec575da82f9c36466aa0a659371a8850c9583f4c93,RVL_64
usr\src\os\di,Makefile,2009-08-22 12:40:54,1.73KB,b33ce6d1cf33bfdd11967ff72939a9bf2cd207b60503192b2ac36b0cffa398d1,RVL_64
usr\src\os\di,md5.c,2009-08-22 12:40:54,12.14KB,e96093eab97fea67802f2a110dc0e6659c977a569a7ba57265fd160131df730d,RVL_64
usr\src\os\di,md5.h,2009-08-22 12:40:54,3.31KB,665f96e270783160cb5709d1e4a1d625a760a0d0dba538655447b41d18ec5988,RVL_64
usr\src\os\di,phys.sed,2009-08-22 12:40:54,0.18KB,0f17029d051e13d4fb70892e5e4c2acf91a6ba1895cc775d55ca11b23a953c96,RVL_64
usr\src\os\di,stack.c,2009-08-22 12:40:54,4.36KB,a8b584733b0415f14b3e6c1601b5bcee23a9b015d74973a50a48a992be22a385,RVL_64
usr\src\os\di,stack.h,2009-08-22 12:40:54,0.72KB,2031eb888a72936b142f87e8b82462bff20c15e4856771bc421a263f6e5ae745,RVL_64
usr\src\os\di,stdbool.h,2009-08-22 12:40:54,1.56KB,55a9d44053755094b4ba6e52c32beb47ac3d0aafed6cb14dcd83b50f76c79e49,RVL_64
usr\src\os\ehci,asix.c,2009-08-22 12:42:06,17.57KB,74dc3501c59cbc617d06cbaa9d06474053690ee1a8bf8ec6e7443acd85edb1fb,RVL_64
usr\src\os\ehci,asix_err.c,2009-08-22 12:42:06,1.93KB,b5b32f4a3d6d52f41a6402329d48bec0d30d8c7bcf42a98b51f77a3e1e7a5dc2,RVL_64
usr\src\os\ehci,bms_rdwr_verify.c,2009-08-22 12:42:06,11.57KB,6deaf4a563310595399098217862079792b3aacc78a6e61abc93f425e5ac187c,RVL_64
usr\src\os\ehci,bms_rdwr_verify2.c,2009-08-22 12:42:06,11.21KB,68f6f10215a0edf498b1bd2f31612d450ea7cb3549658a432b3377035edcc4b2,RVL_64
usr\src\os\ehci,bms_rdwr_verify_4M.c,2009-08-22 12:42:06,11.62KB,4bb64a3da8de18b5be2b25ba6a18815decd9ba7149aae71d8a2185f8ef78b303,RVL_64
usr\src\os\ehci,bms_read.c,2009-08-22 12:42:06,13.8KB,dd15b297551438b9665a9b820345c8b9a52f58298f4e049187dfd14ed82a480f,RVL_64
usr\src\os\ehci,bms_write.c,2009-08-22 12:42:06,12.19KB,3ef3d70e92eefcfd1369ca387ba5b3d5614e195152911f855c0ac75e238f2b93,RVL_64
usr\src\os\ehci,bms_write_gt64K.c,2009-08-22 12:42:06,12.24KB,eef9682228521ad6355cc9e610332bd6c8c13c2f8c30f8335bac4bf67c587fd1,RVL_64
usr\src\os\ehci,bw.c,2009-08-22 12:42:06,1.73KB,25487c9833a4d2ed7644f7076a28290c03bb24796625108cc25af3792dee9c2c,RVL_64
usr\src\os\ehci,cam.c,2009-08-22 12:42:06,6.33KB,786b9dc5689607428126665c6d5057f1d21266fc4eeb01b1072a177c3fe3bd55,RVL_64
usr\src\os\ehci,core.c,2009-08-22 12:42:06,13.66KB,980ce2550c5ad62d511b7de516c08af29257830b77da17b3d4afc1486b29caec,RVL_64
usr\src\os\ehci,db.c,2009-08-22 12:42:06,1.78KB,6aeedd628d12f592296907f4ffc839fe27fddb6a97f25aafde3d9332bfa583ea,RVL_64
usr\src\os\ehci,dbg.c,2009-08-22 12:42:06,8.64KB,7e52fcf45538338871b912f1153c5bfc45625cf03baee4a03a66cba6facc9458,RVL_64
usr\src\os\ehci,devnodes.c,2009-08-22 12:42:06,25.33KB,2f91ec7416ecbab680681acd0c3164c9992c530fce9a469125c86efcf138df21,RVL_64
usr\src\os\ehci,ehci.h,2009-08-22 12:42:06,15.38KB,f2465a338ed3cd640f2dffb005601800d4ed8765b1378460f0aa2ab275984037,RVL_64
usr\src\os\ehci,ehci_core.h,2009-08-22 12:42:06,8.93KB,4cf12e3159fe40b22a1bfdf4f1eb42d54c12bb5ea4e3e967f441b1e0778e25f5,RVL_64
usr\src\os\ehci,ehci_regs.h,2009-08-22 12:42:06,48.14KB,e8ce0faaddeb6613785942c02ae5aad5cc03ed16f1248eea524c366c5c19f352,RVL_64
usr\src\os\ehci,ehci_types.h,2009-08-22 12:42:06,1.84KB,9de6121f9dc85e718a20f429d7e2c74d99672d23a3f30f75720d148a5e4fdba5,RVL_64
usr\src\os\ehci,events.c,2009-08-22 12:42:06,4.2KB,6be1fa5b7c8dacc23b8f7f57f5c25035ddcb3bc47731aaee91c8e4d10dd6f846,RVL_64
usr\src\os\ehci,flash.c,2009-08-22 12:42:06,7.71KB,2cea1630598d5a49509ea8d99a1cf2fcb0537a5a837570a558aab576d7b66d0d,RVL_64
usr\src\os\ehci,high.c,2009-08-22 12:42:06,2.93KB,6d5913648a7a27693b9e2d756e89d14b4820a850e4a96bc0e9ee84f90d019c63,RVL_64
usr\src\os\ehci,hub.c,2009-08-22 12:42:06,11.16KB,9c714acfda5eb8059206283c20b353ccc9333f23575dad69a0dedc5d345c6edd,RVL_64
usr\src\os\ehci,intr.c,2009-08-22 12:42:06,13.49KB,ab1eb0ee64491bc6aa478ccf4a3b06af65f374ebafe624d8bea1584284f6a168,RVL_64
usr\src\os\ehci,irp.c,2009-08-22 12:42:06,12.42KB,719cab3162c015a7a5b08595285d5ca5f912457e2f177c0d0fd24fadb4d433ab,RVL_64
usr\src\os\ehci,iso.c,2009-08-22 12:42:06,14.87KB,4cca04a2781e127848a42c0a5fe0bc65406264a80563415f64d7410b58c70021,RVL_64
usr\src\os\ehci,kb.c,2009-08-22 12:42:06,3.26KB,e677f54d64f05e08ecd16db95ffffff9f46e59b579bb8dc1a248caaf0c41ce66,RVL_64
usr\src\os\ehci,Makefile,2009-08-22 12:42:06,3.13KB,637ae9ccf9d65874d65e261366fd6239dbcfaab7a0a3458c3c503a7897fda26c,RVL_64
usr\src\os\ehci,mem.c,2009-08-22 12:42:06,3.59KB,3d37ac781654e074d535cb71bb9ff2daa521dc2f5c00db77c1b3f7869cdd2f62,RVL_64
usr\src\os\ehci,mic.c,2009-08-22 12:42:06,6.01KB,07a8be657e4ae330167db1e7060144d7ad6edd6df98bfaf826173f10010d5eb0,RVL_64
usr\src\os\ehci,mouse.c,2009-08-22 12:42:06,7.13KB,10b34e721ea6fa8015b524ed837a3e6b8cad1780db74945ea807679247c208bf,RVL_64
usr\src\os\ehci,rand.c,2009-08-22 12:42:06,1.2KB,4f730e5dc7651d62ea56d02ea1c7bcd2435b9c3d3dd5f161f3eae6c468b9df6b,RVL_64
usr\src\os\ehci,rhub.c,2009-08-22 12:42:06,28.19KB,a315c3e29b7c1bde93f5a39b71b3d57943f9eaf109fa44d261dc82ad8b8b1fa0,RVL_64
usr\src\os\ehci,rm.c,2009-08-22 12:42:06,15.56KB,d014f53906973671f74a49646b206c3a5b8c3ab4394161151baab06601c8b923,RVL_64
usr\src\os\ehci,sdlog.c,2009-08-22 12:42:06,5.89KB,301412ef3415a4bca6cd1898b5e7d5c0c83e23670629179e78c65399ec5e48d2,RVL_64
usr\src\os\ehci,suspendresume.c,2009-08-22 12:42:06,2.65KB,dffb2183e367dd059b88591775064998abf40408191e603eba8629075f8c55b1,RVL_64
usr\src\os\ehci,testsec.c,2009-08-22 12:42:06,2.04KB,b994637204648e44f9ac854d79a0ed44496084927598bdda8b21d36df4b0d38f,RVL_64
usr\src\os\ehci,transfers.c,2009-08-22 12:42:06,16.44KB,649ce6f3ee9fdd1f93499ea402b7bd36f0caf2ed5b4b5e0b72efe5f433c4cc2b,RVL_64
usr\src\os\ehci,usb20.h,2009-08-22 12:42:06,9.3KB,713ac24a4c8d964f8bea6f2b1f9d061747c0b955eba6ca4f459273d931f088b2,RVL_64
usr\src\os\ehci,usbview.c,2009-08-22 12:42:06,4.41KB,66f417bd29144165d20920df2d421f85d29d927aa18c6b444bd94c67726bfba3,RVL_64
usr\src\os\net,IFFifo.c,2009-08-22 12:42:06,8.62KB,8b8057e4a932048c5dea378450fa5f2e90207e5bf335f53d4d893dfb5726c4a0,RVL_64
usr\src\os\net,IFRing.c,2009-08-22 12:42:06,13.02KB,e7cc7e8805024dfe67582ec15e529dfcd063d4106e5d9db2a1d3bf0b1e92bf0d,RVL_64
usr\src\os\net,iop_alarm.c,2009-08-22 12:42:06,9.08KB,8585f72177adf09f96e41f26ff89c7236136022d0e7b7e851f76aa12685224c2,RVL_64
usr\src\os\net,iop_devif.c,2009-08-22 12:42:06,7.82KB,f2b9145ba7c52ccc20e8e340c1ef64c4754e4918b1e931fef6df1b94d9c4346a,RVL_64
usr\src\os\net,iop_ifrm.c,2009-08-22 12:42:06,9.37KB,2a01fde372380965b49378808a4b1c124f0dea36dc1528882efb273f3a257a6b,RVL_64
usr\src\os\net,iop_libc.c,2009-08-22 12:42:06,1.95KB,de74fc96f08918f51280e49218db5c46b0f28c148f10fcb5faacd8f7092e8bfb,RVL_64
usr\src\os\net,iop_mem.c,2009-08-22 12:42:06,6.09KB,5a4729a35461a68fdb834a3d9ffac2cb7351e8c826886fc625a2e9d074e7bd5c,RVL_64
usr\src\os\net,iop_mutex.c,2009-08-22 12:42:06,2.46KB,e7f6ed697a1d0677aece531167da9817759e74b4c4c370e2cf86c281a06e316b,RVL_64
usr\src\os\net,iop_os.c,2009-08-22 12:42:06,11.14KB,5fb3084516b9a9787cf8f492fd46b6e3580bed682ea79445ba0ae728d579772a,RVL_64
usr\src\os\net,iop_sockrm.c,2009-08-22 12:42:06,29.3KB,fada1d70412fd601da44aedf567c9412c41d605fca8fd8acdd94a7487f0c4ada,RVL_64
usr\src\os\net,IP.c,2009-08-22 12:42:06,19.03KB,07018cc93bd237373eaa00ed0b3819a8359cf3e16670c0de20b1254729befe27,RVL_64
usr\src\os\net,IP4.c,2009-08-22 12:42:06,29.23KB,d90f5525644e9dadbd2b84e69f0db29f998c900611825d4281edf467850fae50,RVL_64
usr\src\os\net,IP6.c,2009-08-22 12:42:06,44.25KB,33b751609bed1867d4a2c7b656c7cd2475f660e6427ecad03b434e3963f1045d,RVL_64
usr\src\os\net,IP6Frag.c,2009-08-22 12:42:06,23.08KB,089147a043d6af63a132588ffb83b25fb2cdfa83ff76b7b0cba8023138488c87,RVL_64
usr\src\os\net,IP6Icmp.c,2009-08-22 12:42:06,100.76KB,da72a3d14f9fe4db9b50607f862532a66620f05f43409e1b40dd36fe1537ab10,RVL_64
usr\src\os\net,IP6Mld.c,2009-08-22 12:42:06,11.62KB,1a7bee4a4164c38287af39fd26e8eb9d9866f6be64cbb544bf76f9169f0dd7bc,RVL_64
usr\src\os\net,IP6Zero.c,2009-08-22 12:42:06,6.38KB,ebf2242f220d45d6a5e7c67b62743e9826f46ba4476e3fbed6d9939b4c3a4058,RVL_64
usr\src\os\net,IPArp.c,2009-08-22 12:42:06,31.54KB,3f6233d462c5c9ee70f853d9ec9983930b009dfeb517af1140c7f78b2036d512,RVL_64
usr\src\os\net,IPChap.c,2009-08-22 12:42:06,9.82KB,e0306e6b0e21aae152e76064cb652dd9db44b4b4f1c52be98dc8fc3a77ec3182,RVL_64
usr\src\os\net,IPDhcp.c,2009-08-22 12:42:06,55.66KB,d05eb212a5645a1ee23a61d3765dd78e3e6e08b1cd1b6fee4cbcd7de005a99cb,RVL_64
usr\src\os\net,IPDns.c,2009-08-22 12:42:06,92.75KB,3d0c29004ab5950cdc93a9ac0e7d9ba1f9e42bf0238285277846f4ba1269cdb1,RVL_64
usr\src\os\net,IPEther.c,2009-08-22 12:42:06,30.25KB,3585817e22461637e605707af6c3791912d1edb55b28be0926a2338c8abf8aee,RVL_64
usr\src\os\net,IPFrag.c,2009-08-22 12:42:06,17.94KB,016018cc6a9a1c8a3df162adb4de1b3b018851e88142b0a6bf26ec12fdea2301,RVL_64
usr\src\os\net,IPHdlc.c,2009-08-22 12:42:06,7.83KB,d732b31a9ccc22aa35fdd5375e071b36ff9023127c7abe153c6945b32cb13784,RVL_64
usr\src\os\net,IPIcmp.c,2009-08-22 12:42:06,37.5KB,4cec822394bb2761bc8da3fdc6e08f11b31908553e2c2de948e998b4916da5de,RVL_64
usr\src\os\net,IPIgmp.c,2009-08-22 12:42:06,16.08KB,c30de053dccf3672d6549b2eed055c2063a3227f5371f874dababe8a8538db76,RVL_64
usr\src\os\net,IPInterface.c,2009-08-22 12:42:06,49.2KB,267a3c2ca7445fbd69aba17cf562823319565a82906cb2d8272b2554bbc7c900,RVL_64
usr\src\os\net,IPIpcp.c,2009-08-22 12:42:06,13.46KB,b0e64c256403bcb40186adea9b76383cad5993644e65355adbe0b41f28c1a71f,RVL_64
usr\src\os\net,IPLcp.c,2009-08-22 12:42:06,24.95KB,f6244cef974411ac0acbed87838393e931377349208a704528cc5f741aa613dc,RVL_64
usr\src\os\net,IPMisc.c,2009-08-22 12:42:06,3.94KB,26bbc33dadc34717d55908f56afe5a148ad5c271a5c49a121c6dbddfb3784c37,RVL_64
usr\src\os\net,IPOpt.c,2009-08-22 12:42:06,10.0KB,6e6a572d48b5470aedba55c3f282b003d3b243b644066c6f1c300e83e03aa8c4,RVL_64
usr\src\os\net,IPPap.c,2009-08-22 12:42:06,9.96KB,843b8dbecc4e6674ca806065e7f84b1cc5f6b93f370d5d5d699906fd32e894f6,RVL_64
usr\src\os\net,IPPPP.c,2009-08-22 12:42:06,42.57KB,408fe335fc9bf617c95696aa1aa01253e421b0e806e9ecba3e5f4992b15b5e2e,RVL_64
usr\src\os\net,IPPPPoE.c,2009-08-22 12:42:06,23.23KB,d3390e72c0723765483ae96715c5bc4e419c56873750d27ec2a8e75e5be4a9cd,RVL_64
usr\src\os\net,IPRoute.c,2009-08-22 12:42:06,27.51KB,3ca72b08289e08a672af2bf5e2c7d7ad33bb788509ffb6ca2fadf6910cd0e28a,RVL_64
usr\src\os\net,IPSocket.c,2009-08-22 12:42:06,125.21KB,b9528f9b2319a874dbba86f7d76ad9dc1337676436dcec5eaed9ce0e662a90ef,RVL_64
usr\src\os\net,IPTcp.c,2009-08-22 12:42:06,84.88KB,4a9b86ecdb21e1a950629c0fd1e3c984e68325b094ff633f45e5876297325b26,RVL_64
usr\src\os\net,IPTcpOutput.c,2009-08-22 12:42:06,33.79KB,d06c0f0dd33c5dccd1a4d582d1a844960d4d2757b3f97028701a10f8210d0817,RVL_64
usr\src\os\net,IPTcpTimer.c,2009-08-22 12:42:06,15.02KB,f4a90c0ad71c84ea29ee2ccf9ffae4a429cbda5f81cb502b59d3070048327936,RVL_64
usr\src\os\net,IPTcpTimeWait.c,2009-08-22 12:42:06,18.19KB,c5963c8fb349dd0e2fa4e1569a93c58bb04ec32ee526a80fde0ca6ad48de9e1e,RVL_64
usr\src\os\net,IPTcpUser.c,2009-08-22 12:42:06,82.51KB,a1b157c29fb47570824e0e27181c1ee16eced41696cfe38725b980d85b3dc153,RVL_64
usr\src\os\net,IPUdp.c,2009-08-22 12:42:06,50.65KB,d2b9b81163fc6703f8b5cc833e6b2aa0a358d69bbdd2e11343c0ce24338867fa,RVL_64
usr\src\os\net,IPUuid.c,2009-08-22 12:42:06,8.17KB,9412a96e6f79d9a9f35c5828cb9e7ce1f593478bc2b6519afd43487e44567f57,RVL_64
usr\src\os\net,IPZero.c,2009-08-22 12:42:06,5.01KB,545d8e91d54e753d1740a76dbd99bde1ade4d571eb58ebcad46ad3eabd2a0e51,RVL_64
usr\src\os\net,Makefile,2009-08-22 12:42:06,1.36KB,9112fc7383dd5bb88e7d173d44218e0bb63151bebf59601c3038744fefd8bdab,RVL_64
usr\src\os\net,md5.c,2009-08-22 12:42:06,10.5KB,7ce82535aad15a730bcf521bb9b1aaedf13059592a07e09028a59adeafafe52f,RVL_64
usr\src\os\net,net_release_note.txt,2009-08-22 12:42:06,4.2KB,299392475ce18132a5a2b063bc0ec380478dedf6a1c88a933f2414ae2c08f139,RVL_64
usr\src\os\net\include,IP6Private.h,2009-08-22 12:42:06,14.35KB,b7cc6984d704af798ffd5da2785a8443305514aa2241190c1173dae45d10919a,RVL_64
usr\src\os\net\include,IPArp.h,2009-08-22 12:42:06,4.91KB,d7f5ef9c9f9890b27b82e1f4d64164291668306351c6f024d18b487f095a3216,RVL_64
usr\src\os\net\include,IPPPPConf.h,2009-08-22 12:42:06,11.54KB,37489636e5d85af939bb166cc614c3c176aba0ff8860005395040e653166a621,RVL_64
usr\src\os\net\include,IPPrivate.h,2009-08-22 12:42:06,13.7KB,7e9678bbd9d4b8a959263d6764e939ce8d78c4c423dac6be80c4b15abf9f91ff,RVL_64
usr\src\os\net\include\dolphin,ip.h,2009-08-22 12:42:06,24.32KB,da8bbb881b5039f0143cdd9fd2fce8f9fcee9f65a2db89d2f090bba71a4d151f,RVL_64
usr\src\os\net\include\dolphin,md5.h,2009-08-22 12:42:06,2.47KB,23a63ddf1cf87f1974a37909328868a1417b3521c2c21ac92ad0432d1543c60c,RVL_64
usr\src\os\net\include\dolphin,mdm_country.h,2009-08-22 12:42:06,1.73KB,56310e0eb160781d8d65f31c9e1e175b91807f7ac9c3b30ec851d9df5f4298e7,RVL_64
usr\src\os\net\include\dolphin,netcfg.h,2009-08-22 12:42:06,3.87KB,fb8f2e7a9728856958d1bd5e0453d525641bf8b3a14853e81dfd305a8e60aa0f,RVL_64
usr\src\os\net\include\dolphin,os.h,2009-08-22 12:42:06,3.38KB,b52d602cd0f194e02b42e8a34e0f10009ebfff5bc1859a5a72951a29fb57758e,RVL_64
usr\src\os\net\include\dolphin\ip,IFEther.h,2009-08-22 12:42:06,3.45KB,681c175a2bdfc50b76a82713a454ebcc5309cad5c6fa680e38ee8066e81524d4,RVL_64
usr\src\os\net\include\dolphin\ip,IFFifo.h,2009-08-22 12:42:06,2.27KB,5d43298f69499f2ce0a5d278109ce686ed94af94ae4cab77094029e13b7a281e,RVL_64
usr\src\os\net\include\dolphin\ip,IFQueue.h,2009-08-22 12:42:06,9.28KB,ecc0331854ffcd73fb1d346ba78b63690c56351ee13c0d0b69ba951519d40a25,RVL_64
usr\src\os\net\include\dolphin\ip,IP.h,2009-08-22 12:42:06,4.5KB,36f7ba5952b6550f17525766f5a91cac0e4552943cfeebd0bfba598202781c3c,RVL_64
usr\src\os\net\include\dolphin\ip,IP6.h,2009-08-22 12:42:06,17.26KB,eb0c4f1af5f82b38f48672425f787f92a29b1a48f63b24e5494d9f69d2964149,RVL_64
usr\src\os\net\include\dolphin\ip,IPDhcp.h,2009-08-22 12:42:06,10.59KB,7ea5e56f7443beff66dfa0a4285d1406219c30b79ac8002004630d8501b5b903,RVL_64
usr\src\os\net\include\dolphin\ip,IPDns.h,2009-08-22 12:42:06,14.79KB,0ff900b4ea450e131cd3a8409ac5f2f4c2ec32ca97f8e13ce8ada0d0f08a92e0,RVL_64
usr\src\os\net\include\dolphin\ip,IPEntry.h,2009-08-22 12:42:06,5.74KB,5e2cd1f3259e59970019d9a52c47fad48d6b85c6efad081b78ffa7f3c05e47e7,RVL_64
usr\src\os\net\include\dolphin\ip,IPIcmp.h,2009-08-22 12:42:06,6.95KB,c459ed487be522889f586c9182570d8699ad87123314925bec2d7ede5e5a9996,RVL_64
usr\src\os\net\include\dolphin\ip,IPIgmp.h,2009-08-22 12:42:06,3.27KB,c81d57213c71a31b2c0be40aafc4fdc5f34d8ba8337065f8f6f6d9037e94e1f8,RVL_64
usr\src\os\net\include\dolphin\ip,IPMisc.h,2009-08-22 12:42:06,1.26KB,c96723bdd46582a0c9578538cd73598b6b2975bfb30c45b1d203421634e17428,RVL_64
usr\src\os\net\include\dolphin\ip,IPPpp.h,2009-08-22 12:42:06,3.42KB,a4b69352fe658c49a959e54f2891234170e30a4436dc5161f190ec913cd9b622,RVL_64
usr\src\os\net\include\dolphin\ip,IPStat.h,2009-08-22 12:42:06,6.11KB,ff59ee98ebb91b89e881a0fa0cddc7bdbcf53d13815676a53fa304cf9bbcd6a2,RVL_64
usr\src\os\net\include\dolphin\ip,IPTcp.h,2009-08-22 12:42:06,20.01KB,e0f8710a022970685a95fe2b88872a5f5c8d27ce865bdfb35c1d7d5183271de9,RVL_64
usr\src\os\net\include\dolphin\ip,IPUdp.h,2009-08-22 12:42:06,6.75KB,7e42dcc11eb9517db95d31bf49a9bd97700f1db0c1dde9e161f57431633975fd,RVL_64
usr\src\os\net\include\dolphin\ip,IPUuid.h,2009-08-22 12:42:06,2.75KB,30c3a4066060729e848569947b103dde5a38a40269ef415726a3f0723b4fb269,RVL_64
usr\src\os\net\include\dolphin\os,OSAlarm.h,2009-08-22 12:42:06,2.8KB,56435963439514ce678220b60ad73e5f4025b02bc3f4c7da6e38a5d644448744,RVL_64
usr\src\os\net\include\dolphin\os,OSExpansion.h,2009-08-22 12:42:06,3.17KB,8c2fbc8bdc56d247ae1fbf8ac9a0b82b44946e10d7c6adcf94492575fb12f9ed,RVL_64
usr\src\os\net\include\dolphin\os,OSReset.h,2009-08-22 12:42:06,4.48KB,4caa17228f341763a79a527b6826c088e6da0898e721abd4acbb258a611a6a52,RVL_64
usr\src\os\net\include\private,eth.h,2009-08-22 12:42:06,4.89KB,afaf93a246f6a52ee841cb020b4ed5bb8b12f981c716afbc12a80f72fe2d88f4,RVL_64
usr\src\os\net\include\private,mdm.h,2009-08-22 12:42:06,5.81KB,64ab29121e11671a4709bb98aa37214ce63559df082b6240c4d0f34f7e0e62ff,RVL_64
usr\src\os\net\include\private,OSRtc.h,2009-08-22 12:42:06,5.89KB,831d6dfa7a8d04008f0ad81676abba5a324d738eae7739eebd07e7dd979a5668,RVL_64
usr\src\os\ohci,asix.c,2009-08-22 12:42:06,15.18KB,c65aa9e439b7176039ff07e4c3c3c6323d05c32b53600b2f7a016252bc6f27c9,RVL_64
usr\src\os\ohci,bt.c,2009-08-22 12:42:06,9.68KB,29ccd9735f62f80765a8d552deff8357c32549cba48f7a01e3ca8a73460bf5cb,RVL_64
usr\src\os\ohci,core.c,2009-08-22 12:42:06,11.58KB,f6e83a30a7e3b564f56cd5884fde7f3bc02c89f056adae0b2456ce1dae69bfa4,RVL_64
usr\src\os\ohci,dbg.c,2009-08-22 12:42:06,13.5KB,5c41d4162ddb98a7b2aa43ce6dc545ec8c8ae12d037f7ccb800faed13b2f2a55,RVL_64
usr\src\os\ohci,devnodes.c,2009-08-22 12:42:06,8.95KB,a0229340202e0b5109b3d37cb8f9c32418d38e3c78ceb5368ddcf407780a058a,RVL_64
usr\src\os\ohci,events.c,2009-08-22 12:42:06,8.26KB,5e6fc93f23a253d61520db77f7ddf0245537bbf591bd10938f91aa3275d77930,RVL_64
usr\src\os\ohci,fullslow.c,2009-08-22 12:42:06,3.12KB,f2975b5d5024953b15a2eb84a84a9d55b84ddc88e431e964a4afd7e4bbab5d99,RVL_64
usr\src\os\ohci,intr.c,2009-08-22 12:42:06,3.03KB,a0d446359e0809904cb115624b9390c69f481369cd4a883496a8e6728b95b140,RVL_64
usr\src\os\ohci,libusb.c,2009-08-22 12:42:06,6.27KB,b4f4ea5cbfe1c25c1df8e650c86843999814d96c5fcebb1511264c6e29f73940,RVL_64
usr\src\os\ohci,Makefile,2009-08-22 12:42:06,3.87KB,5851cad518bd0f071dddfba85d8161dfee9c42baf9bcbe084e2d4770abadcbea,RVL_64
usr\src\os\ohci,mem.c,2009-08-22 12:42:06,4.13KB,4b944616c0165ff62028906ad06a31f5713289171a2ac3291d2fca01f128ddc7,RVL_64
usr\src\os\ohci,mouse.c,2009-08-22 12:42:06,8.19KB,42defd75470c9a157f640809b7f24806402ad0b9639585fb2dbbe067163b6abd,RVL_64
usr\src\os\ohci,mouse_close.c,2009-08-22 12:42:06,2.28KB,c68b1cdc49e8cb6a9e2c7ce259754e99e70c7c9e7d4d19367934eeefced7b24f,RVL_64
usr\src\os\ohci,ohci.h,2009-08-22 12:42:06,7.57KB,889fa4f1058368d6f5dbfff715f2ccf3b041b79be1fb921de555b31a932c8527,RVL_64
usr\src\os\ohci,ohci1_sram_bt.c,2009-08-22 12:42:06,3.74KB,2518ed3cda595fad1935a4bf8053b03616cc922e34afa956a3f7a1e96e0a8de3,RVL_64
usr\src\os\ohci,ohci_core.h,2009-08-22 12:42:06,7.68KB,840de20382538eb4552d68f490da3cc375d385e8a307e5ed571ca30a73ed6c43,RVL_64
usr\src\os\ohci,ohci_devnodes.h,2009-08-22 12:42:06,0.62KB,73388a5f2d4cf207f90f11e18749d415351f85fd97dfa3e484047bd2ddc9d3e6,RVL_64
usr\src\os\ohci,ohci_regs.h,2009-08-22 12:42:06,12.12KB,3dfcf57f9694a37a6de75e28a8241d6f502fc60c22fc1a27e41d5fc419bf25fe,RVL_64
usr\src\os\ohci,ohci_transfers.h,2009-08-22 12:42:06,0.6KB,9ec5a9c4406928edb82aad4f710b903db960cdee305c1cc5d908a4ac5685238a,RVL_64
usr\src\os\ohci,ohci_types.h,2009-08-22 12:42:06,1.6KB,2be95133929aa66a6c21f21c7558ff71770f11c20d23a0c8ec8627150a228add,RVL_64
usr\src\os\ohci,print_dbg.c,2009-08-22 12:42:06,2.73KB,e1f80498e55d38a9acc43e2a92bdde42428611e5bbd4950904b2e5f070a52e62,RVL_64
usr\src\os\ohci,rhub.c,2009-08-22 12:42:06,22.74KB,576ac7f0341501c251d130ffdf1b9717bdabd47333027a90839fee169a3cc47b,RVL_64
usr\src\os\ohci,rm.c,2009-08-22 12:42:06,12.07KB,1a1bf912a9dd871c8a09f33457da872680eefe20f11b11ef424d10eaa452a14c,RVL_64
usr\src\os\ohci,transfers.c,2009-08-22 12:42:06,13.65KB,58c52b705cf6d1f91b56fee07c8a94eea36a340e91dd7037398605c513d13675,RVL_64
usr\src\os\ohci,usb11.h,2009-08-22 12:42:06,6.65KB,4e2ba85df8a5578143b99fc1d4a2d0274aec03be149ed99d2414df63aae09da5,RVL_64
usr\src\os\ohci0,asix.c,2009-08-22 12:42:06,17.09KB,174c23f765d05514960eac9579b974d29f9166783dc16fde3f0227ab93c3fef6,RVL_64
usr\src\os\ohci0,audio.c,2009-08-22 12:42:06,9.3KB,1f26983856030e2e346b256dc2cee044d0e0a6c843771e6df435ea2a1ed4ce87,RVL_64
usr\src\os\ohci0,bms.c,2009-08-22 12:42:06,9.74KB,b48ff10e59ded8eeb4566844c0d14f6d38fc274990c3e65e8385cfc151f4c886,RVL_64
usr\src\os\ohci0,bms_rdwr_verify_4M.c,2009-08-22 12:42:06,11.84KB,dd3b3e46ddc5444faa691f95d55d1b0cc2503f18266ef607259ae8cbaa8768e9,RVL_64
usr\src\os\ohci0,bms_read.c,2009-08-22 12:42:06,11.54KB,394bf63ceeeea7c6f3d80d92af0a095c3528bf9c4aab31e36b76c449e9cd8be7,RVL_64
usr\src\os\ohci0,bms_write.c,2009-08-22 12:42:06,11.56KB,4dc2a84210319965466c4ebe83506f8f2de4c35becffb02259063ae41f36877c,RVL_64
usr\src\os\ohci0,bt.c,2009-08-22 12:42:06,9.68KB,29ccd9735f62f80765a8d552deff8357c32549cba48f7a01e3ca8a73460bf5cb,RVL_64
usr\src\os\ohci0,bw.c,2009-08-22 12:42:06,1.4KB,f713441aa9fb8522001ff416e0d152896f640ce8ec6e0e787d1c0b63eac674d5,RVL_64
usr\src\os\ohci0,core.c,2009-08-22 12:42:06,12.27KB,1b69614177258dc889e81c7a7c9f8fec37767c33b41f1c65149da2431e4aa7f0,RVL_64
usr\src\os\ohci0,dbg.c,2009-08-22 12:42:06,13.0KB,5b5d18f39c929173fd92ec1c577bca3df239aa911e05e43eed589a444a521f69,RVL_64
usr\src\os\ohci0,devnodes.c,2009-08-22 12:42:06,22.3KB,e7d37b897f9d822b2950e3870c0d6f1b255433477794886e5ab1f48b3d35704d,RVL_64
usr\src\os\ohci0,events.c,2009-08-22 12:42:06,10.16KB,b46669d3daa851385858dd560ed38f59bcf6beb8592a9d99ece244535f0a6a3e,RVL_64
usr\src\os\ohci0,eyetoy.c,2009-08-22 12:42:06,4.87KB,3a52a001494cdb45d03f20fe8a744e77b5e31bc33eea9710f4a66ef06badd85a,RVL_64
usr\src\os\ohci0,eyetoy.h,2009-08-22 12:42:06,59.73KB,fc7df3e9975ce129b6c6e9a96413e857f410d9403569e90bd193aca7ef2b5fc0,RVL_64
usr\src\os\ohci0,fullslow.c,2009-08-22 12:42:06,3.12KB,0f3d601abb2da4fd2f1de2dea9b8c4be614b79d24f05ac99f7e6a9c4b335d521,RVL_64
usr\src\os\ohci0,g15write.c,2009-08-22 12:42:06,1.57KB,1966aba58c4a05c6a4ff78522e3ba9713c7ee8c0ffe3cc7d3cdffbd0ca5b015a,RVL_64
usr\src\os\ohci0,hub.c,2009-08-22 12:42:06,10.83KB,e0f827c748c5bed184eb8451ad78fe6abeb2395731dd4d3ed273abea606c3e42,RVL_64
usr\src\os\ohci0,intr.c,2009-08-22 12:42:06,5.83KB,67c725c5fdced91aea311b7f96907af6d027c5d9e58a3fa3e27e0d1e2dc8fe06,RVL_64
usr\src\os\ohci0,iso.c,2009-08-22 12:42:06,6.68KB,6608734d1ad84164c6ff3386ef80544204fe884dcf1334c1252f3695ccb7fe9c,RVL_64
usr\src\os\ohci0,kb.c,2009-08-22 12:42:06,3.11KB,c4c2a5e47a53ce17b08ea02971853f58a8b675f9df9dd10fa403bd1389092afd,RVL_64
usr\src\os\ohci0,libusb.c,2009-08-22 12:42:06,13.7KB,535cfd804c395850dd6838754294d0d8d968ea8b6b619a85cb25571983974789,RVL_64
usr\src\os\ohci0,Makefile,2009-08-22 12:42:06,2.33KB,0b243bd29d6718cb90cd5124ccb1d91921e5e28f347b52453e225a487573b86e,RVL_64
usr\src\os\ohci0,mem.c,2009-08-22 12:42:06,2.93KB,e7f19653ffb56c04351bddaae4e6b494c0b7f6d452330e7afade7b39322f13be,RVL_64
usr\src\os\ohci0,mic.c,2009-08-22 12:42:06,5.86KB,101ef3df43e9d54c8983858a6d6250f68a7fadbbf9a013fa0484f7c93af4daef,RVL_64
usr\src\os\ohci0,mouse.c,2009-08-22 12:42:06,9.18KB,620ed40a4afcf6cb67d652ec22b3a5a374e0f27dc63006f97991e1516c5cfc80,RVL_64
usr\src\os\ohci0,mouse_close.c,2009-08-22 12:42:06,2.28KB,c68b1cdc49e8cb6a9e2c7ce259754e99e70c7c9e7d4d19367934eeefced7b24f,RVL_64
usr\src\os\ohci0,multiple.c,2009-08-22 12:42:06,17.52KB,7fdd678d026ef94b85c34a1a9bb8c1a895890960d8b0b27fe4f4a6a88bc3837c,RVL_64
usr\src\os\ohci0,multi_mic.c,2009-08-22 12:42:06,6.12KB,0abb5727b321300c4632a1ad3f213fe9f2de0d8f704bda201e053d4e47aeab59,RVL_64
usr\src\os\ohci0,ohci_core.h,2009-08-22 12:42:06,10.7KB,816427abbb406a1dc900fc1280e2035f948ecf4f2cd1cac10891bb3f1eb8f8e7,RVL_64
usr\src\os\ohci0,ohci_devnodes.h,2009-08-22 12:42:06,0.62KB,73388a5f2d4cf207f90f11e18749d415351f85fd97dfa3e484047bd2ddc9d3e6,RVL_64
usr\src\os\ohci0,ohci_transfers.h,2009-08-22 12:42:06,0.6KB,9ec5a9c4406928edb82aad4f710b903db960cdee305c1cc5d908a4ac5685238a,RVL_64
usr\src\os\ohci0,print_dbg.c,2009-08-22 12:42:06,2.73KB,e1f80498e55d38a9acc43e2a92bdde42428611e5bbd4950904b2e5f070a52e62,RVL_64
usr\src\os\ohci0,rand.c,2009-08-22 12:42:06,1.2KB,4f730e5dc7651d62ea56d02ea1c7bcd2435b9c3d3dd5f161f3eae6c468b9df6b,RVL_64
usr\src\os\ohci0,README.html,2009-08-22 12:42:06,51.96KB,c1829d204f262a57bb5a031f2b187f1a1802913f06bbbae3478dab48656a0241,RVL_64
usr\src\os\ohci0,rhub.c,2009-08-22 12:42:06,25.18KB,2a9f34f888b7be2345407f2e8a608871215f09c15632c469d28f7d5dc44a48a0,RVL_64
usr\src\os\ohci0,rm.c,2009-08-22 12:42:06,18.72KB,93100d71083fa10516071f61a1158bac9a976ccf8dd6ad54e9f7358a1cba6a79,RVL_64
usr\src\os\ohci0,suspend.c,2009-08-22 12:42:06,1.42KB,50648e5a8e5f6eacc502011d9ce1fd13890156d871dba8ee8a2c6ccbfdffa505,RVL_64
usr\src\os\ohci0,test544.c,2009-08-22 12:42:06,3.45KB,dd684dd253276eb557e278eb187cb6d815f8142516c8bedd255dedf7c121be80,RVL_64
usr\src\os\ohci0,test682.c,2009-08-22 12:42:06,3.17KB,0dd82c9856a4d44a205a190bc7b286d8c1b37de7d450f8ed83b60168e392bcb8,RVL_64
usr\src\os\ohci0,testsec.c,2009-08-22 12:42:06,2.04KB,634278f0570a723125ed245d31610bfc04b9ac533160a2f2ed5586d5aab60b23,RVL_64
usr\src\os\ohci0,transfers.c,2009-08-22 12:42:06,17.07KB,ffa40a57529c316853f16ed01017cdfd49503a80450271046d994fec7cbe7427,RVL_64
usr\src\os\ohci0,usbview.c,2009-08-22 12:42:06,4.41KB,64b6cd388bc0c14b8f1ea59161ab80e5cc89ad85316ae96b455ffc3fa2f7c66d,RVL_64
usr\src\os\ohci0,USB_11.pdf,2009-08-22 12:42:06,1974.07KB,eb7632510f087e6b57f212e456f8377d6747901cb6d30a7d6baae4d193ecbaba,RVL_64
usr\src\os\tests,aes.c,2009-08-22 12:42:08,1.8KB,f9025c67ae007b827ef07f7b932f843c392db0a38e78b6d5402cc2ea1dbb2616,RVL_64
usr\src\os\tests,align.c,2009-08-22 12:42:08,0.91KB,78041b13c629880dc69f387f720a4f756c9d377c3db43f8867c73d7fd2a3a964,RVL_64
usr\src\os\tests,alloc.c,2009-08-22 12:42:08,9.12KB,1a9626cd6df12da7d0b8dc979ff472c19bf4c4c047e24b41d423925a27395b8b,RVL_64
usr\src\os\tests,alloc2.c,2009-08-22 12:42:08,1.97KB,4c51013860646db933c43fb988a14c7e2201dd988f6e01392db194e96c8e3be7,RVL_64
usr\src\os\tests,dcache.c,2009-08-22 12:42:08,0.4KB,730575b7b76225d05e8e13be95c1308b6da909548c864702cb4cd33f13c24177,RVL_64
usr\src\os\tests,dd.c,2009-08-22 12:42:08,18.87KB,39d2c92721f8dcc037311da29987c73f34eb04b9ff73cddee3649e449632dcd9,RVL_64
usr\src\os\tests,delay.c,2009-08-22 12:42:08,1.03KB,5f1952d0caa2621586c9fc04c45f422909132c82ee2cc7ec49b72d48e16bbb3c,RVL_64
usr\src\os\tests,dicheck.c,2009-08-22 12:42:08,12.25KB,29204aeabdc8044e98ae7b4a1b72b96c38ef8886da2b6a966477169bd7764296,RVL_64
usr\src\os\tests,di_syscalls.c,2009-08-22 12:42:08,1.75KB,7515e2e871a0fd14666673dbed6cd1b6c66c12bb0ed11a3c1d73e2048f48915e,RVL_64
usr\src\os\tests,dump.c,2009-08-22 12:42:08,0.47KB,8b135e21521a8aad09c170a4844051b3a4491c986ba72a29148dcc481cd26d5a,RVL_64
usr\src\os\tests,fl.c,2009-08-22 12:42:08,1.29KB,271fba222c58f3dad6354cadadf803b2d459f02f7532fa84d37e4a2dd3200688,RVL_64
usr\src\os\tests,fsdev_chk.c,2009-08-22 12:42:08,2.75KB,8cf56b38530c37e823bfbd607adabcff95fe2084d659ac2859c314da2a7e89eb,RVL_64
usr\src\os\tests,getcoreclk.c,2009-08-22 12:42:08,0.29KB,9420b4bedbf531ac70a3c78d7d5397b6628883053a4bcb43bfbdb9782aac6142,RVL_64
usr\src\os\tests,heap0.c,2009-08-22 12:42:08,3.63KB,1392e0121bd51a69178dfaf833f867dde39de9af28b115811aa42afd25d4efbc,RVL_64
usr\src\os\tests,iob_2583.c,2009-08-22 12:42:08,1.62KB,59b7515530b21c44b578990d308ab5eb8c388bb917b2de7f48dd5dda337f28c6,RVL_64
usr\src\os\tests,iob_tests.c,2009-08-22 12:42:08,12.56KB,901c0a490eefc50d699e1ebff5e1530d6f3adfdd7520a7cd361a21206a3cc534,RVL_64
usr\src\os\tests,ipc1.c,2009-08-22 12:42:08,2.31KB,cd92c2158a32ec16cb2720dc1f256677b22a6a5d52651b3b05a7e4d712e2dfae,RVL_64
usr\src\os\tests,ipcmax.c,2009-08-22 12:42:08,1.61KB,0677105f9c2a37eb99b158899e513ad8fcf4dc33436436dd25ce6e2ef57b9074,RVL_64
usr\src\os\tests,ipcrm.c,2009-08-22 12:42:08,7.97KB,0256af92e5b3f6121f0f475d47308093996939431b1d37551a22775642755434,RVL_64
usr\src\os\tests,ipcsysmax.c,2009-08-22 12:42:08,2.91KB,da488bd983acd7d75f6c9d103b09eff7cd70186d6b602fef22ab01f9faafd843,RVL_64
usr\src\os\tests,launch.c,2009-08-22 12:42:08,0.51KB,60dedb60f9dc2e91f2e6db14edc946f21c317f31142478a6096c28c962ba1a8d,RVL_64
usr\src\os\tests,launchOS.c,2009-08-22 12:42:08,0.51KB,6465a126d850c461cf42527e2094ce0b4679f48b2e7b8e1c346360499ac6c0fd,RVL_64
usr\src\os\tests,launchPPC.c,2009-08-22 12:42:08,0.53KB,a449ce5e596d5a014a16be7ece6fe420707a5751dfddb4c77c9ebe93220a943c,RVL_64
usr\src\os\tests,Makefile,2009-08-22 12:42:08,0.52KB,87bba1a4ee02f80d6dc1aa35fa773afeff7e9810a0313d234994a696c7910ab4,RVL_64
usr\src\os\tests,memchk.c,2009-08-22 12:42:08,5.31KB,a0f4fcee9682608b4154ef1e0de2fc9a608a5cf7da9b2fe0b546a2a8ce67f774,RVL_64
usr\src\os\tests,memclear_correctness.c,2009-08-22 12:42:08,1.23KB,9ea9c5c66210aa432de46fb159738f88ba196a6b15aef6c403768c508e499de5,RVL_64
usr\src\os\tests,memperf.c,2009-08-22 12:42:08,5.3KB,1e37a0a2790217e8f7ab8a6c2c4b3ae4d974a7ea18134eb1db32624006330729,RVL_64
usr\src\os\tests,memset_correctness.c,2009-08-22 12:42:08,2.15KB,a929de1134036f1dd4e067ff738259794a752873be627d83199415f9f5d0f5a7,RVL_64
usr\src\os\tests,memset_perf.c,2009-08-22 12:42:08,0.99KB,1c996d47da1e04db827f7639f44a8fda4e65b632f1de65b7966f4cc1163d72c7,RVL_64
usr\src\os\tests,memtest_correctness.c,2009-08-22 12:42:08,3.15KB,1991acd272775c0efcda4c9d4de24e658babbd75a8f70de27eb82c60c54bd55b,RVL_64
usr\src\os\tests,memtest_perf.c,2009-08-22 12:42:08,1.25KB,3791120cb2397656dcb1c7f9ee5b082447920a73551e726c5f52ae8131a69756,RVL_64
usr\src\os\tests,mq.c,2009-08-22 12:42:08,2.73KB,1d9537c2dd97a38244b3c6600a76d8598bbe484d9417e8045c0cb128a4b52905,RVL_64
usr\src\os\tests,msg.c,2009-08-22 12:42:08,2.04KB,d77894a658b7f052ea5c7b147fc01c2ebc25523ab684339940aca42071b09035,RVL_64
usr\src\os\tests,pri.c,2009-08-22 12:42:08,11.49KB,4b32892f64c842cab3baa12f3ea1f890eeaafb4957fcd68f62fe3544431fe4d1,RVL_64
usr\src\os\tests,resource_max.c,2009-08-22 12:42:08,1.95KB,8ff21ef4fb4a46d5696cca487aa8bdd39946589ab5f75f245b771ef53a7fba93,RVL_64
usr\src\os\tests,rm_iob.c,2009-08-22 12:42:08,15.03KB,e317b186eaaab3181702263c6b162aa5f7a3d834e463cc0159d9be7dd4bfea20,RVL_64
usr\src\os\tests,setppcperms.c,2009-08-22 12:42:08,1.39KB,f6a6b42fe4d47f264ab72b5616e5a4a6ffdca7507e346e3f29b5a7965cd7e541,RVL_64
usr\src\os\tests,setver.c,2009-08-22 12:42:08,0.54KB,045c290b0963727620a6650c165c0d8b426ecabcc3255014eb1652a36cab52fa,RVL_64
usr\src\os\tests,sha.c,2009-08-22 12:42:08,2.96KB,050b12dccec595e9b06a928bf37baff3c02e06224f03adb8c6c095208a5ef645,RVL_64
usr\src\os\tests,stm.c,2009-08-22 12:42:08,2.32KB,3c5047b0d4f2836fde6a4eb12d92a43f57ec76ca911afedd863f22a9d86c11d1,RVL_64
usr\src\os\tests,thrd.c,2009-08-22 12:42:08,2.01KB,f511f3246a5ddae673d255e1937d7abd7cb0610cc0ddbf0adeb4fea5a54f61c2,RVL_64
usr\src\os\tests,tmr.c,2009-08-22 12:42:08,3.47KB,9d77162604a36193524d56e8ba61da0b789a463819e84c14c76686e474d0a922,RVL_64
usr\src\os\tests,tmr1.c,2009-08-22 12:42:08,3.59KB,81b7959b583dcfd6748cb4a6b58fff51fb9f1b8c854f5c4a93cd969aa16547d3,RVL_64
usr\src\os\tests,tmr2.c,2009-08-22 12:42:08,8.45KB,fc6ded25d0b4b5d47965563afbd604644c76748d19539b0625812237100c4e8c,RVL_64
usr\src\os\tests,tmr_chk.c,2009-08-22 12:42:08,1.56KB,ac609a7677eec7a9d59525cf526112c0f3c2e82c70dd054112e100deab96e698,RVL_64
usr\src\os\tests,tmr_periodic.c,2009-08-22 12:42:08,2.01KB,5657e8636f6242f438191a860116474975c0592beeaa9cf104b437827156af28,RVL_64
usr\src\os\tests,usleep.c,2009-08-22 12:42:08,0.77KB,2cfd85eeaa223475a6f5ab3733d9d702931fbaa3859a0b0006cc02013a588d23,RVL_64
usr\src\os\tests\net,igmp_query.c,2009-08-22 12:42:04,0.81KB,0f408ebe79ac0f0be027a8c2bf2a11e154cdcfb4158a27b09a6ef7b45c91f363,RVL_64
usr\src\os\tests\net,linuxPerfDownlink.c,2009-08-22 12:42:04,2.85KB,95228de81914d62a63453521a0a877525d9ec53c55b77cc03d886de39a0926a5,RVL_64
usr\src\os\tests\net,linuxTcpClient.c,2009-08-22 12:42:04,1.96KB,28f416b8d6325a158e71aa46d9431ee881230c4856273a3f072704d8de2a930c,RVL_64
usr\src\os\tests\net,linuxTcpServer.c,2009-08-22 12:42:04,2.89KB,60dd97ae4ec684185e6228d0f31c059c03267d898606e1aa56551fb473804296,RVL_64
usr\src\os\tests\net,linuxTcpStress.c,2009-08-22 12:42:04,4.16KB,65b4a09d2ac77c1b07459385613a6eda116a104e073f553ee1a095e4fcd4c225,RVL_64
usr\src\os\tests\net,linuxUdpRecv.c,2009-08-22 12:42:04,1.7KB,c3c6349e745d4297e57e091897f9df5fdbd2f8352abeee499adf3411f7a44bc0,RVL_64
usr\src\os\tests\net,linuxUdpSend.c,2009-08-22 12:42:04,1.77KB,eb313b7430ba916bcb586191fc610b32f7b4f8fdc86199e277912b2e9a7facda,RVL_64
usr\src\os\tests\net,Makefile,2009-08-22 12:42:04,0.8KB,7b5eb4101aa6a6641bc8d701f5e46afa7e4664eaa3322b61e4f072c94144a1df,RVL_64
usr\src\os\tests\net,ntoa.c,2009-08-22 12:42:04,4.61KB,841943c0df92dba03b010e294df9328f7becd17224f3258be8c6a9c4319a0ecf,RVL_64
usr\src\os\tests\net,ping.c,2009-08-22 12:42:04,2.48KB,4a33857e30aa902f00cc7ebf10fac3fce320f8e5b45dba5bc7141af8ace524b2,RVL_64
usr\src\os\tests\net,resolv.c,2009-08-22 12:42:04,3.7KB,3d893965e1e13f928d382f69acef5949e5f24f828250da2c01f35d17968410c8,RVL_64
usr\src\os\tests\net,sotcp_client.c,2009-08-22 12:42:04,3.98KB,45ac00f0cd54df4ab6222f30c47a1427e312900dcf2310ce006455f96f3beeb7,RVL_64
usr\src\os\tests\net,sotcp_max.c,2009-08-22 12:42:04,4.39KB,4874ecb1a5f63407474987091717a422d52a5eb0c2c41d6c4da0142e2fcf21f9,RVL_64
usr\src\os\tests\net,sotcp_perf.c,2009-08-22 12:42:04,4.24KB,407390c4ed70d1a45f96c8629810437c5d2be234a73c6357ebc5e794de7a9f23,RVL_64
usr\src\os\tests\net,sotcp_poll.c,2009-08-22 12:42:04,9.99KB,8bac8b81dc281ecf7dc6f53259c3fcd99c4cf66505c5b899deba37edaba6bc25,RVL_64
usr\src\os\tests\net,sotcp_server.c,2009-08-22 12:42:04,2.86KB,740cc01012c0caf403f762aec219b9af25a85b8cee1af6a7e95420fcd437fed8,RVL_64
usr\src\os\tests\net,sotcp_stress.c,2009-08-22 12:42:04,4.55KB,4de29f17fe417405647e50b8b6f76aa47308dbd6d9207fd01efce78ad77036d8,RVL_64
usr\src\os\tests\net,sotcp_stress_old.c,2009-08-22 12:42:04,4.55KB,9439ccc5881d42732cb837a5344313843b96816dc841b057531058532a721a9d,RVL_64
usr\src\os\tests\net,soudp_send.c,2009-08-22 12:42:04,2.42KB,44147125c3b260b8e42dc5ba5c2bf6b16bb61ee318c8e3f2e7cae43b45cdd5ae,RVL_64
usr\src\os\usbeth,ax.c,2009-08-22 12:42:06,41.03KB,4e802037d59ececf2a50bd3a55279fbede167aeefe465c79fce88f5f3a1a6ff4,RVL_64
usr\src\os\usbeth,ax.h,2009-08-22 12:42:06,2.85KB,836f85e86d1cc2b89afb583e834874e6efd4eac86c4ad7c3e29557b10d98cd6e,RVL_64
usr\src\os\usbeth,ax_defs.h,2009-08-22 12:42:06,8.83KB,b20f62cdabb5b225284015938f2de63a69c27d00cdafdd74e3a1e8bb026ef645,RVL_64
usr\src\os\usbeth,Makefile,2009-08-22 12:42:06,0.94KB,2c6f79c2aa74a975ddedaeb5e5075e27eb941eed1519741930fd6486456787e8,RVL_64
usr\src\os\usbeth,usbeth.c,2009-08-22 12:42:06,58.74KB,d3aaedecf653a1f480b75ed93337c5a133476bbdbc8aed882e64bb98c9a6e470,RVL_64
usr\src\signum,iosshell.mac,2009-08-22 12:41:58,0.14KB,e08a450378d967da7e32af5686249ea6a5deb0002cc773800b95420f73b63f78,RVL_64
usr\src\signum,Makefile,2009-08-22 12:41:58,0.9KB,06fa4f4fd04dbd82acbfdb1f05e372745f43e24634f7322f16edacf9f7a52d61,RVL_64
usr\src\signum,minimon0.mac,2009-08-22 12:41:58,0.23KB,e0babddd0b4ffa056dd894f052cb3ad5e0ade08c927c8fb7fca468cb61a64214,RVL_64
usr\src\signum,rvl_board.cfg,2009-08-22 12:41:58,0.16KB,fb1dff4f2337f89975d57ac45cd80c483ca6e3fd22f3145e813162173a6651f7,RVL_64
usr\src\signum,rvl_iop.cfg,2009-08-22 12:41:58,0.12KB,749122452b16379a90a9e210483255461d9bdf1e44708dadd9292477cd40987e,RVL_64
usr\src\signum,rvl_iop.def,2009-08-22 12:41:58,148.33KB,fdb09573978988610a50ea449aaa486156d39919090c0415a74dcbdcbaf52fb6,RVL_64
usr\src\signum,rvl_iop.mac,2009-08-22 12:41:58,1.95KB,7d85b2ad413dc01a9c3abd7fe978ac6d7163f3de721e33fcf41e868f8b656bf2,RVL_64
usr\src\signum,versa_arm9.cfg,2009-08-22 12:41:58,0.18KB,767bd2857a88fc7f0b8d41af36cda14b20ff08b557a39035311c37d127db267e,RVL_64
usr\src\signum,versa_arm9.def,2009-08-22 12:41:58,26.59KB,6ba5b982c8c720500c6c1ba41d244bff50a5c340d843c4a1db0d7d8e7c5a58e8,RVL_64
usr\src\signum,versa_arm9.mac,2009-08-22 12:41:58,2.38KB,98fc9c7e756f40902e7486d492fa40b376e71d610a0b4e95b0a5ada0ead14510,RVL_64
usr\src\signum,versa_board.cfg,2009-08-22 12:41:58,0.16KB,fb1dff4f2337f89975d57ac45cd80c483ca6e3fd22f3145e813162173a6651f7,RVL_64
